# 
# This file provides data on averaged eigenstate
# IPR (inverse participation ratio), defined
# for an eigenstate \ksi_lpha as
# 
# ipr_lpha = \sum |c_i^(lpha)|^4
# where c_i^(lpha) are the coefficients of the
# expansio of \ksi_lpha in the computational basis.
# 
# 
# Location of the initial .hdf5 datafile: ./results//qsun_toy_usrdef_random_grain_toy_model/pbc_False_disorder_uniform_ham_type_usrdef/L_9_L_b_3/alpha_0.9 
# 
# System parameters: L_9_L_b_3_pbc_False_disorder_uniform_ham_type_usrdef 
# 
# Module parameters: alpha_0.9 
# 
# 
-4.295989950218048747e+00 5.151958154184045624e-02
-4.152475024482802368e+00 2.391598993358478448e-02
-4.064013271243340775e+00 2.131111612442900677e-02
-3.994212042480636882e+00 2.220132684698252964e-02
-3.956428980671948814e+00 1.666416165340761646e-02
-3.919367138883278479e+00 1.649964702239965081e-02
-3.873278872852233601e+00 1.300749493356230004e-02
-3.840167185920048354e+00 1.568743936978179987e-02
-3.801121173957105359e+00 1.323526135477717802e-02
-3.772939813947787435e+00 1.112169107688402124e-02
-3.731755322418156773e+00 1.432679372950612304e-02
-3.699146054384266247e+00 1.086933469495330283e-02
-3.674917258533808795e+00 1.035085326573777914e-02
-3.651129404583723925e+00 1.283801645718216609e-02
-3.624044271161435127e+00 1.241935573587466327e-02
-3.585372367009743932e+00 1.138146779459899005e-02
-3.565430006086776960e+00 1.056692911110573493e-02
-3.534521966226072287e+00 1.164875661629748323e-02
-3.508795704494489964e+00 9.830574855797729467e-03
-3.480590828902271117e+00 9.094014979572701690e-03
-3.454031777814026150e+00 1.031678070209980994e-02
-3.435594663513919844e+00 7.845573523833818119e-03
-3.419933599527291701e+00 8.915508070397860224e-03
-3.390039898409322738e+00 9.359676655678467183e-03
-3.364696668507131783e+00 9.209091261901716438e-03
-3.344564747772460489e+00 8.386157472900331727e-03
-3.325103307402163644e+00 9.635102085960859514e-03
-3.306256485415542734e+00 8.718756396681560245e-03
-3.288355629541230396e+00 8.562373341412193514e-03
-3.272427298035608167e+00 8.057065311367897151e-03
-3.245397020855840253e+00 8.639679185806587933e-03
-3.227681610985443150e+00 9.517087978135586879e-03
-3.196167515951053417e+00 8.305209975528351704e-03
-3.176802913218044644e+00 8.454598083946064310e-03
-3.159569465537374278e+00 8.369322682111685063e-03
-3.143125759023700283e+00 8.110396248786769582e-03
-3.123566731293481169e+00 8.000447304706703386e-03
-3.106132559902032853e+00 7.935362356152154267e-03
-3.082903405008926789e+00 8.358527983831392366e-03
-3.061792925235656160e+00 8.976245345691576810e-03
-3.048876635562471904e+00 8.980608271055364952e-03
-3.028871469532217198e+00 7.870388915760672885e-03
-3.002787151661395093e+00 8.622374122984484066e-03
-2.985095744363883696e+00 8.061586119215790810e-03
-2.971958358476085138e+00 7.847775558972777329e-03
-2.950840831456367219e+00 7.131365554665941402e-03
-2.941111399063288445e+00 7.949595600256920830e-03
-2.923364641836626809e+00 8.830260368395915702e-03
-2.899085157752456787e+00 8.382813009480731548e-03
-2.875364835770965577e+00 7.606547348506281954e-03
-2.865953669944152349e+00 8.335400631077141687e-03
-2.851283560323037758e+00 7.095903653919955270e-03
-2.838180597570905128e+00 7.565228135947429759e-03
-2.824809892489156482e+00 7.980961543065845723e-03
-2.806509042872291193e+00 7.234786303100160416e-03
-2.789728529596795070e+00 7.749483619206009970e-03
-2.766563143737857278e+00 7.933302722679258165e-03
-2.747906678535869673e+00 8.287104407649664023e-03
-2.730851874832286530e+00 7.208650240723054811e-03
-2.713890534288986967e+00 7.891163766066628185e-03
-2.701367726494106503e+00 7.327668435840264775e-03
-2.683011286537551054e+00 7.676833360521889346e-03
-2.666290581178935248e+00 7.444803114589245915e-03
-2.647497147425295960e+00 7.003300837805604036e-03
-2.630642557710721974e+00 7.084870084045851932e-03
-2.613869069696007408e+00 7.520279420294799337e-03
-2.601190051537379588e+00 7.176414321001659165e-03
-2.589485884925471382e+00 7.863430166226884066e-03
-2.564440722372786752e+00 8.189854380098199327e-03
-2.551564141057421242e+00 7.587563761089150330e-03
-2.534594028931436149e+00 7.286069457030673775e-03
-2.516993186307169061e+00 7.800943051757944571e-03
-2.499747712041044512e+00 6.519873641503240100e-03
-2.478627594912400145e+00 6.991997464708315894e-03
-2.464143154444453643e+00 7.511903365404222835e-03
-2.444842678714580053e+00 7.274260261249003608e-03
-2.431526370639158330e+00 7.010460423474794769e-03
-2.423948903599664195e+00 6.993117780473350961e-03
-2.408475576982644029e+00 7.182715267952288936e-03
-2.391656774835275279e+00 7.101182799481934801e-03
-2.376183751726812510e+00 6.759491737142445458e-03
-2.359163380673864996e+00 7.569905845730971403e-03
-2.348366475037568346e+00 7.274660164848278758e-03
-2.329185374429871835e+00 7.113531735283007418e-03
-2.319351008751417087e+00 7.687134054415548437e-03
-2.302764842816367619e+00 7.531549866051266522e-03
-2.281933133809030956e+00 7.216021320199913006e-03
-2.262078765608589670e+00 6.869841426683770576e-03
-2.248510161462412782e+00 7.459131454703412864e-03
-2.233840071320504883e+00 7.140214870911797303e-03
-2.218643310563028770e+00 7.234674296303684679e-03
-2.202137010095977843e+00 7.529236838195731488e-03
-2.190706986201568007e+00 7.535606994185100813e-03
-2.183423537394654446e+00 7.017658724705233726e-03
-2.168582900039119021e+00 7.839509113311490113e-03
-2.144881963185777174e+00 6.832164414353214879e-03
-2.130153058552529899e+00 6.696051427887374577e-03
-2.122639361777678868e+00 7.119356530942068384e-03
-2.104719780833730347e+00 7.180913267624024210e-03
-2.084469954089617882e+00 7.254319442411968563e-03
-2.072641389607127849e+00 7.137227231520810664e-03
-2.050419112827428059e+00 7.231180984292903506e-03
-2.040448949098295106e+00 7.283088930458490699e-03
-2.028358484131994821e+00 7.371273954420540231e-03
-2.011819166723424868e+00 6.630865856709714130e-03
-1.998297138063452438e+00 7.246071054019029463e-03
-1.975905326267864748e+00 6.222275679205496735e-03
-1.965567114276218330e+00 6.644758254548408134e-03
-1.951292496720529623e+00 7.345321613625714618e-03
-1.939419589560218871e+00 7.249913143515656147e-03
-1.929295729737574350e+00 6.350918280190504146e-03
-1.913642062745946948e+00 7.300833699658981421e-03
-1.904685459478609344e+00 6.709737792281627797e-03
-1.886745538365332653e+00 6.791145038426908524e-03
-1.874050139385097014e+00 7.497915888727624441e-03
-1.859435416991899404e+00 6.851579889804497447e-03
-1.844063923557730744e+00 7.104002362616909476e-03
-1.834003182406699350e+00 7.269535192175770669e-03
-1.815771945934705034e+00 6.454234894662934548e-03
-1.802120231726028310e+00 7.761886188459535263e-03
-1.789779847756509223e+00 6.657584863648832382e-03
-1.772777706740463088e+00 7.068096905209611536e-03
-1.755914591170641970e+00 7.327717009695949857e-03
-1.744133683824462100e+00 6.976585734888740564e-03
-1.728862551858249885e+00 6.286483817999117922e-03
-1.721159817119332303e+00 7.139488796620793894e-03
-1.708902236397219720e+00 7.120507046782019109e-03
-1.691759643024192128e+00 6.902872560420386314e-03
-1.679123941810779286e+00 6.514827942708129385e-03
-1.660731612287881465e+00 6.233152900278798175e-03
-1.643991790339860870e+00 6.922189174892319843e-03
-1.633071032509474163e+00 6.965400208741308156e-03
-1.615463180766772977e+00 6.332664731002614344e-03
-1.604370758087990456e+00 6.394606969085303919e-03
-1.592824800013209252e+00 6.918715571911110244e-03
-1.581559652046369058e+00 7.551494846615472781e-03
-1.574895969568380849e+00 6.778188484198135674e-03
-1.557980540573664641e+00 6.943946192340391330e-03
-1.544984271312256574e+00 7.062478911674207119e-03
-1.530211526269363853e+00 6.278102619154230304e-03
-1.512351270422542804e+00 6.481203107399356386e-03
-1.501041083693956946e+00 6.343586726145664448e-03
-1.481066962844006296e+00 7.665750648583993625e-03
-1.469722354514655382e+00 7.129473252303455792e-03
-1.455847076320782030e+00 6.534516155109616753e-03
-1.441164814771423552e+00 6.616934795616961733e-03
-1.429318577106451826e+00 6.076010411573981237e-03
-1.419116603698093559e+00 7.481442383632332105e-03
-1.409345995938724005e+00 6.752963960838557003e-03
-1.395013659014132656e+00 6.588576338744651754e-03
-1.383610296721506483e+00 6.667578933248807620e-03
-1.368842316272288251e+00 6.802475307316899027e-03
-1.355206713598919199e+00 6.411144297106233410e-03
-1.341180669010039406e+00 6.709130551084808644e-03
-1.330163297878718343e+00 7.029627608386927740e-03
-1.316686962359450153e+00 6.769819250594402704e-03
-1.302448817573714113e+00 7.125572893862515411e-03
-1.291977506581418522e+00 6.567900397721031236e-03
-1.276051949635827798e+00 6.121868637916696824e-03
-1.263270792412212185e+00 7.403247419183765776e-03
-1.253411743213927787e+00 6.829961911170278829e-03
-1.237756994662945420e+00 6.791707373285873692e-03
-1.220991563674689750e+00 6.329110469753223937e-03
-1.207238273327869260e+00 6.619203200243310367e-03
-1.191697536565543780e+00 6.631479576188667110e-03
-1.183683275090212650e+00 6.127628076831840784e-03
-1.167809486150071407e+00 6.521578684930785796e-03
-1.154759899823768254e+00 6.816611477821652235e-03
-1.137057141130991322e+00 6.926909161894899587e-03
-1.124055768816765610e+00 6.784124644718753094e-03
-1.109623875893356537e+00 6.955567058744499889e-03
-1.098785076029047181e+00 6.473786803686304610e-03
-1.085193121314085740e+00 6.414066321609050540e-03
-1.072063659759212140e+00 7.060279751335758400e-03
-1.057853465561136463e+00 6.318117700574385660e-03
-1.036067324919685229e+00 7.455765782411183200e-03
-1.026084768783284806e+00 6.544767141273206620e-03
-1.014415468906695317e+00 6.507670519988749229e-03
-1.000166650993321138e+00 7.038991461014300170e-03
-9.879034579735833654e-01 6.087937872583444598e-03
-9.793869402717998440e-01 6.448651467249155722e-03
-9.702746528505195034e-01 7.111723683961031391e-03
-9.565803297050651244e-01 6.570903212952765131e-03
-9.411611951042747615e-01 6.670546916106648294e-03
-9.272979078809070463e-01 6.540378063219333751e-03
-9.137514438858472809e-01 6.334315018286619699e-03
-9.036087877611642671e-01 6.533912515164680239e-03
-8.903076078212235345e-01 7.228714126732783789e-03
-8.791801630116360400e-01 6.986334205126959115e-03
-8.638771799463977885e-01 7.369678996935076325e-03
-8.532537933238912853e-01 7.229385121652125504e-03
-8.443387301580618232e-01 6.460225220940775219e-03
-8.229368311953703108e-01 6.833913018958826316e-03
-8.056397221868494274e-01 6.612370073082125647e-03
-7.932095600686206449e-01 6.543287185781553397e-03
-7.828860645515415273e-01 6.056031434454379504e-03
-7.747727158802876213e-01 6.479670019057101257e-03
-7.606946972311996458e-01 6.709931309375131991e-03
-7.444789230432030669e-01 6.950344592611752866e-03
-7.352378517807225400e-01 6.695993112193867822e-03
-7.133358557957711898e-01 6.315347382593908612e-03
-6.994506416955861283e-01 6.715121579489076627e-03
-6.877911505996345820e-01 6.272674835366831916e-03
-6.755298747595565034e-01 6.538519383843486091e-03
-6.641807986144032672e-01 6.814871665903174738e-03
-6.492934965563035288e-01 6.847083858506535295e-03
-6.415848678826481244e-01 6.636073025145104894e-03
-6.302981077085422212e-01 6.571466976351164613e-03
-6.166601996722541612e-01 7.258890524897501813e-03
-6.072610521148681384e-01 6.641193247502999095e-03
-5.906074574014343881e-01 6.285511266452917592e-03
-5.777765084630668291e-01 6.522296989121557573e-03
-5.703410912151671841e-01 6.878426032841737994e-03
-5.553299021219125775e-01 6.458574085824323255e-03
-5.428369507946981809e-01 6.270865833029425421e-03
-5.270975242437855313e-01 6.229532164343842653e-03
-5.134526034313312559e-01 6.424217922619220034e-03
-5.068225470608951344e-01 6.217199723783771274e-03
-4.953172887751007281e-01 6.521394536158823738e-03
-4.764640170616153414e-01 6.459648922273066203e-03
-4.653406079966598274e-01 6.628018123075671460e-03
-4.514203067326402197e-01 6.106316338453206087e-03
-4.377318953590837447e-01 6.112927442761517324e-03
-4.273396294345426227e-01 6.165087454952461639e-03
-4.160802102854265216e-01 6.023475570666067709e-03
-4.031222517398100891e-01 6.692492087962522221e-03
-3.910418974273624504e-01 6.123002053866407647e-03
-3.733259484003183526e-01 6.550430835476584064e-03
-3.619407682851504826e-01 6.651304072512654111e-03
-3.463802174536992906e-01 6.463606174207809849e-03
-3.332931857301943968e-01 6.662380990114043569e-03
-3.212683182081889077e-01 6.227962163402058458e-03
-3.114421270067039837e-01 6.077787628122883860e-03
-2.980527713780206645e-01 6.215372953359646693e-03
-2.891898344748281557e-01 6.348922217635213569e-03
-2.737609946422900897e-01 6.575469308309628280e-03
-2.633616259107588453e-01 6.961798219041170563e-03
-2.524420309241136029e-01 7.099700966986805320e-03
-2.395941848891577908e-01 6.000584297122917195e-03
-2.246798189753236308e-01 6.148854299102818506e-03
-2.126485446385522060e-01 6.346325985818067686e-03
-2.023589854202518801e-01 6.300328642764614975e-03
-1.921358823805678351e-01 6.292953053226413296e-03
-1.724417413777525332e-01 6.495224855279595373e-03
-1.623816711973278815e-01 7.173342909033783230e-03
-1.498640955334853975e-01 6.557237708115557125e-03
-1.380467326333122691e-01 6.588598688591367283e-03
-1.270718562477725355e-01 6.082817505577264861e-03
-1.107083911534080534e-01 6.151774537391423506e-03
-9.575574984815879431e-02 6.160723807144320892e-03
-8.341319130880826827e-02 6.201615864646381135e-03
-7.315203876510553704e-02 6.821955279478299217e-03
-5.869924744432841734e-02 6.234887588955068463e-03
-4.700816104647361632e-02 6.270510135055741736e-03
-3.642108500879407545e-02 6.566720734837392173e-03
-2.435534180716576388e-02 6.372435789436225670e-03
-9.657367879929346435e-03 6.408153653282175517e-03
2.628351202134619063e-03 6.223140192099878808e-03
1.384496564567404622e-02 6.719108600015591577e-03
2.301229789696343161e-02 6.864238858665281176e-03
3.495962132950847234e-02 6.169169143873697199e-03
5.438858280649121191e-02 6.438506585857465062e-03
6.158737163640899681e-02 6.014437073492332961e-03
7.649318062945438534e-02 6.203483764302722761e-03
8.564620156780457239e-02 6.267266266112923867e-03
9.954539359766209627e-02 6.325242560689356072e-03
1.084527046879603801e-01 6.397310484376782409e-03
1.199656783603959553e-01 6.871558130115701032e-03
1.372514157057318496e-01 6.287128341228752186e-03
1.518006236954899946e-01 7.585947972880049961e-03
1.653767957460240967e-01 6.409267096078976982e-03
1.752067844840938249e-01 6.212002009489301160e-03
1.853757861297407605e-01 6.381468065934908958e-03
1.990594257413954016e-01 6.095614841744974137e-03
2.080090572667136206e-01 7.084405928946798173e-03
2.224871636696993116e-01 6.713426372067907502e-03
2.370539658672115857e-01 6.142888143078655688e-03
2.491224725302735865e-01 6.446037443505152689e-03
2.655912527674081924e-01 6.258938281549983329e-03
2.755625403213767255e-01 6.415992655704106165e-03
2.857649207229848165e-01 6.482077438126507447e-03
2.983865796876645216e-01 6.043065056579479191e-03
3.116083084687646387e-01 6.400257100215786532e-03
3.252827541107662368e-01 6.327685089636834841e-03
3.342604006076651535e-01 6.581831458939908439e-03
3.495299523664449071e-01 6.848512682904542119e-03
3.611733173708119859e-01 6.599408494461818028e-03
3.765574247886602777e-01 6.269233236980113408e-03
3.892617620184770644e-01 6.287916898494426594e-03
4.043623849398784165e-01 6.682891451989294782e-03
4.136329782395778976e-01 6.483055720254339398e-03
4.282258745824472079e-01 6.653341886703178880e-03
4.423047409197962132e-01 6.643205793087305147e-03
4.519564880335182333e-01 7.300539052972785867e-03
4.623359489210878692e-01 6.716228197369759727e-03
4.794410653673889522e-01 6.367593937348245414e-03
4.889515709696451440e-01 6.602253074376754523e-03
4.999073755126660634e-01 6.391775669709612133e-03
5.119371376682769759e-01 6.820423632971897923e-03
5.285024468446902768e-01 7.125501732313003003e-03
5.391336626663376652e-01 6.637120810702018363e-03
5.487783465316395937e-01 5.760967385372223366e-03
5.653004015681700745e-01 6.192330949003425553e-03
5.791125465696612684e-01 6.297129234131626681e-03
5.886003504192020008e-01 6.902907725767207410e-03
5.994207258932705562e-01 6.487898261707390757e-03
6.170490012773189870e-01 6.817814507119307650e-03
6.290448575795628550e-01 6.816065329242106292e-03
6.423061292495624297e-01 6.249485374949570460e-03
6.555308822121144186e-01 6.927617756841494487e-03
6.687061208604225815e-01 6.502308668180157951e-03
6.811709570994012308e-01 6.439528968328221345e-03
6.992872134064251899e-01 5.988310879916167867e-03
7.092084994540684972e-01 6.633589517182393765e-03
7.215792277897871143e-01 6.615783941230558851e-03
7.353251357715836489e-01 6.777519902017309014e-03
7.490301798213495621e-01 6.531850058573042753e-03
7.645441661394614119e-01 6.063972016700699789e-03
7.794049606339729097e-01 6.677307183825413606e-03
7.923692006137658117e-01 6.383243335451688379e-03
8.069478031517908212e-01 6.496295830901931481e-03
8.214637290968095362e-01 6.645855718217259962e-03
8.293118796222852529e-01 6.973172663734228741e-03
8.445860239732716490e-01 6.560696686929603887e-03
8.568041866187467992e-01 6.692728838490409268e-03
8.679825596552731559e-01 7.219912891240133981e-03
8.784476121553727035e-01 6.667934672597774712e-03
8.938312292438516105e-01 6.544347275112665993e-03
9.118608881759593388e-01 5.863300606994059291e-03
9.204260038956585399e-01 6.689722901192965247e-03
9.292844986567819765e-01 6.545123323962590174e-03
9.403292859370011580e-01 6.420287091524212904e-03
9.498774196239676559e-01 6.586641889672978367e-03
9.634568896288480122e-01 7.503218273782870373e-03
9.778324780543723449e-01 6.323978379470992887e-03
9.908272448351006512e-01 6.893258615140496030e-03
1.003705666189092849e+00 6.731499771235804550e-03
1.013820969626979762e+00 6.465833592163533310e-03
1.029111907299891771e+00 6.087966266952386622e-03
1.039029164992733012e+00 6.440682688983158377e-03
1.057493621933887740e+00 6.722209490929509541e-03
1.069227490449269125e+00 6.954116317288770548e-03
1.084473788667934535e+00 6.135884970293478680e-03
1.099115364758818547e+00 6.499712970411792960e-03
1.110118880973678612e+00 7.309995608611489018e-03
1.125658037159394720e+00 7.661471286057225209e-03
1.143898392147465470e+00 6.903645628521509932e-03
1.157414299192643936e+00 6.711362029172981969e-03
1.166989327190586012e+00 5.931360687946843693e-03
1.181568116543253222e+00 6.740086628929098204e-03
1.188996622484122412e+00 7.002986659969209597e-03
1.200283363155872696e+00 6.831353872633991187e-03
1.214925164506365007e+00 6.692763755606188740e-03
1.233849724506854706e+00 6.771931048476118216e-03
1.245434928956522080e+00 7.429371752621536859e-03
1.255983967199797435e+00 6.181208113011402855e-03
1.273638513287161711e+00 6.464873394650775922e-03
1.286419504922293289e+00 6.708045866580404810e-03
1.297692901229894780e+00 7.126511686057665843e-03
1.314382820439632837e+00 6.728446901885232201e-03
1.324455079921012413e+00 6.642650864781396609e-03
1.336315976406979855e+00 6.290857062347113109e-03
1.351995550491340792e+00 6.976266930827347557e-03
1.366210959215423904e+00 6.949804282891868315e-03
1.384741631508730419e+00 6.455265927949448146e-03
1.397572903397299227e+00 6.702587827829972408e-03
1.408851218798947258e+00 6.463842524733726114e-03
1.415605799621414862e+00 7.165328913304275411e-03
1.437580977368148272e+00 6.500786489823181732e-03
1.453994916103680479e+00 6.502068691064746830e-03
1.466504698942398210e+00 6.767889155938205947e-03
1.480599332167733539e+00 6.547648812543780186e-03
1.494021895003841305e+00 7.297142748282220426e-03
1.510896639989443013e+00 6.954800213115931717e-03
1.524687294342890409e+00 6.637617550993170530e-03
1.534717796883360963e+00 6.402228783305531808e-03
1.543302325368402617e+00 6.570132794768835174e-03
1.555035148754298380e+00 6.631043874112112213e-03
1.567466189882954941e+00 6.955496521626901643e-03
1.580467375105965022e+00 7.397904091237606297e-03
1.590244750547319175e+00 6.354627650083023715e-03
1.613623562200797279e+00 6.588357260528756969e-03
1.623493563317120136e+00 7.138382079879994520e-03
1.640433153020621759e+00 7.621497101638549654e-03
1.653107841482671203e+00 6.715753582034073368e-03
1.667116843694056216e+00 6.845975838076856848e-03
1.689306658154595908e+00 6.467669413432022667e-03
1.703535871429245008e+00 6.714309713685998222e-03
1.719130162797950945e+00 6.812913328508913950e-03
1.731327880182661927e+00 7.204607520629051180e-03
1.740649010524934592e+00 7.985138860158776802e-03
1.758545420425922767e+00 7.264997591501053467e-03
1.767653777011603422e+00 6.619682527713941118e-03
1.786119993728571886e+00 6.897598819456540395e-03
1.799199479669779889e+00 7.015471460743055374e-03
1.812328386868063079e+00 6.554405567763073662e-03
1.827422978744236204e+00 6.839897997687460589e-03
1.841423383082959386e+00 6.780603673787412647e-03
1.855282095029507916e+00 6.391076358944910996e-03
1.865045202668320856e+00 6.849882234859175356e-03
1.882270652981971937e+00 6.963115753864409889e-03
1.900794264017443114e+00 6.449208087604021804e-03
1.909518081458597694e+00 6.671292526938536749e-03
1.925951592393404965e+00 6.614603112453191006e-03
1.937332744732730649e+00 6.301287028861952792e-03
1.950831533243122307e+00 7.277482694668090460e-03
1.963089906297877052e+00 7.075453117589731999e-03
1.983446311766083880e+00 6.615418727143905497e-03
1.997436093542512392e+00 6.685065588663554118e-03
2.011862144279592979e+00 6.948729964959841909e-03
2.025471288024419891e+00 7.097768813611668448e-03
2.040110945248426955e+00 7.364091260464378057e-03
2.056788359299074109e+00 7.325183706532852057e-03
2.073529800153512959e+00 6.521152307000921758e-03
2.086551728920598148e+00 7.083912886756439480e-03
2.101737925254915762e+00 6.587790177469118880e-03
2.112548627882994801e+00 6.759440792385924476e-03
2.122189811142327187e+00 6.719919801525531255e-03
2.138816620252091294e+00 7.628617384182268327e-03
2.163296315240873735e+00 6.577490273271448078e-03
2.175078995629271539e+00 7.088400511858525092e-03
2.187263155598677677e+00 7.003655496751219275e-03
2.199948037481871843e+00 7.456366118650378447e-03
2.214783342742161931e+00 7.094158658370211361e-03
2.235635610539374429e+00 6.655071874730088093e-03
2.251325957456557614e+00 7.680980331693193323e-03
2.265897143387906709e+00 7.025020913479842859e-03
2.289287503615687225e+00 6.914282175119662588e-03
2.297388821390831115e+00 7.284935349262161922e-03
2.314161200928423590e+00 7.017125625557446914e-03
2.332100160053661053e+00 8.459150203683558217e-03
2.350140633512435961e+00 6.751930787563554907e-03
2.365517348043167267e+00 7.136393486783795988e-03
2.381984885182920397e+00 7.716612627204429316e-03
2.401332718367462427e+00 7.628450020772253870e-03
2.413733165462993213e+00 6.741820694524926216e-03
2.428006621558046252e+00 6.870247081384178375e-03
2.441423149226702893e+00 7.986206645840312687e-03
2.455750357762162217e+00 7.184693267344064230e-03
2.468869383763185432e+00 6.812788496477452209e-03
2.485873955268318891e+00 7.206771937169420897e-03
2.503660616594237887e+00 7.521904324297379145e-03
2.526527522738321707e+00 7.457288974037937397e-03
2.538206613024610814e+00 6.834732287410735449e-03
2.558366205540627103e+00 7.857914702574762822e-03
2.573394885786398412e+00 7.519192623264003839e-03
2.584409328310457443e+00 7.508029297679895755e-03
2.603772465142871972e+00 7.807476277270580453e-03
2.620337254794091741e+00 7.668211917985559394e-03
2.633338548212284635e+00 7.659925979540618476e-03
2.650404746026799874e+00 7.175751824163317631e-03
2.670709721243535117e+00 7.992680635467109759e-03
2.686109557085897492e+00 7.724740259810522827e-03
2.706743477575825896e+00 7.794430117802226936e-03
2.718215321990370636e+00 8.589592947153045291e-03
2.739659955287102822e+00 7.653686047965910580e-03
2.755517745675299501e+00 7.233584156442275301e-03
2.772407899146632992e+00 8.732109612721802167e-03
2.786904286818925325e+00 7.771530811566615578e-03
2.800607705936671632e+00 8.336860510015883449e-03
2.814206303172171353e+00 8.155329561161181115e-03
2.830375799300337114e+00 7.579858757901632160e-03
2.861861718056603721e+00 7.872700543391376871e-03
2.875626432039525948e+00 8.202345616808770501e-03
2.889077526577809696e+00 8.269126446566646416e-03
2.906626525411724060e+00 8.756906481426861982e-03
2.933698285314862542e+00 7.874910312659563760e-03
2.945885574629348191e+00 7.692512174244170615e-03
2.965247629642095095e+00 8.162247274650636514e-03
2.988370581531273551e+00 7.980644904368889084e-03
3.004221346916399860e+00 7.015163057814924330e-03
3.023738149984256829e+00 8.538352676824415011e-03
3.046318779427071188e+00 8.687649173534725197e-03
3.065265896120294542e+00 9.629724186338495945e-03
3.083836753133012643e+00 1.004708316037288343e-02
3.102118134255825499e+00 1.074590268844603444e-02
3.123787986013573104e+00 7.420837225847155653e-03
3.145573812220075816e+00 8.733815367644417321e-03
3.166704716211108384e+00 1.041525962872643166e-02
3.187084650648504436e+00 8.165269904786373600e-03
3.206903059217789398e+00 8.091861269258811967e-03
3.220516094819458885e+00 8.006168041660086110e-03
3.240698599771813626e+00 8.239005103009107087e-03
3.271455846173702220e+00 9.654830184915674449e-03
3.288856257648590908e+00 9.561350386777359850e-03
3.311210811514668340e+00 7.953450410286513894e-03
3.331760356071696627e+00 1.014984045214805883e-02
3.349672299995386737e+00 9.157880343596181208e-03
3.372870400626475806e+00 9.847032229799265041e-03
3.387943601653513603e+00 8.789995413772374103e-03
3.407159002372671885e+00 1.129230956674526221e-02
3.420437587182590278e+00 9.581705874859116831e-03
3.456202744561820417e+00 9.631247764403263675e-03
3.485376701047184778e+00 1.052748653377416979e-02
3.509810323030367663e+00 1.133033679512784365e-02
3.540204789255292361e+00 1.082185605633887056e-02
3.564143758303659926e+00 1.200542044053607219e-02
3.601253200353265349e+00 1.132566244078028923e-02
3.622842066459089239e+00 1.119853582013583849e-02
3.650735610444678425e+00 1.412233338696170480e-02
3.680606397465654656e+00 1.176314726089154258e-02
3.697208634153686724e+00 1.517277035329446869e-02
3.744699319977030427e+00 1.455091626249295847e-02
3.773660044084904630e+00 1.385236705122924218e-02
3.803025148171896408e+00 1.214522234157299797e-02
3.832530431114088199e+00 1.314395858462610520e-02
3.867523641511952270e+00 1.350906101439072401e-02
3.908982911281202011e+00 2.053701381443156365e-02
3.956830321372967862e+00 1.840148642237452933e-02
3.998249564855078209e+00 2.144709576742592078e-02
4.073488590117485764e+00 2.429677182918353953e-02
4.118507687681638885e+00 3.513344165378305684e-02
# 
# In this footer, we provide a description on the contents of the
# columns in the file. 
# 
# 0) Energies averaged across different disorder realizations
#    (i-th) eigenlevel averaged across i-th eigenlevels of all
#    realizations.
# 
# 1) Eigenstate IPR values averaged over different disorder realizations
#    in the same manner as energies.
# 
# 
# 
# 
