# 
# This file provides data on averaged eigenstate
# IPR (inverse participation ratio), defined
# for an eigenstate \ksi_lpha as
# 
# ipr_lpha = \sum |c_i^(lpha)|^4
# where c_i^(lpha) are the coefficients of the
# expansio of \ksi_lpha in the computational basis.
# 
# 
# Location of the initial .hdf5 datafile: ./results//qsun_toy_usrdef_random_grain_toy_model/pbc_False_disorder_uniform_ham_type_usrdef/L_9_L_b_3/alpha_0.6 
# 
# System parameters: L_9_L_b_3_pbc_False_disorder_uniform_ham_type_usrdef 
# 
# Module parameters: alpha_0.6 
# 
# 
-2.869974229921361975e+00 2.250087196605588535e-01
-2.786621976004888701e+00 1.966482026986318132e-01
-2.660924772916454017e+00 1.325941468984119798e-01
-2.596447859210697207e+00 1.238484132036679064e-01
-2.574334207236809391e+00 1.368479258229007844e-01
-2.543746601883589697e+00 1.050954972694697342e-01
-2.518824139823976349e+00 1.076686635042161527e-01
-2.480902239674791954e+00 8.090808833704173086e-02
-2.437959336177351499e+00 1.186131383717119875e-01
-2.406710776304223032e+00 1.257031773234981442e-01
-2.378983121628686526e+00 9.461362258205803510e-02
-2.358450258819480894e+00 6.803754144680848603e-02
-2.343386347322752083e+00 5.488432317868276178e-02
-2.324112081595386847e+00 8.312257674156924014e-02
-2.309541422910291519e+00 8.221546258471043589e-02
-2.290262015348381475e+00 6.239618134230726781e-02
-2.276647010512689917e+00 6.096354681802412800e-02
-2.250155712064613400e+00 6.342261039793102573e-02
-2.232190719076686314e+00 5.641226829255112374e-02
-2.222392433545258505e+00 5.009706331100444165e-02
-2.199042355883646493e+00 4.627198489261213216e-02
-2.176145395711952091e+00 5.542812527274352391e-02
-2.158305837537084493e+00 7.347584907277633637e-02
-2.146752840973062959e+00 5.075334656427817753e-02
-2.130600352826222732e+00 4.229421815223470549e-02
-2.109886517631316849e+00 5.524985369977107597e-02
-2.093280163507814429e+00 6.538779492963288364e-02
-2.073366449830635450e+00 5.764845542857825050e-02
-2.059919129293269258e+00 4.091828318333730341e-02
-2.050028703673975716e+00 4.667291883780329276e-02
-2.041008174112968199e+00 4.043043203630814625e-02
-2.030067817092644056e+00 5.043843084056558179e-02
-2.014827344769092754e+00 4.932217045243300624e-02
-2.004600892881144070e+00 8.738470649869545248e-02
-1.989322995228878899e+00 5.951161584974488938e-02
-1.966123314449294002e+00 3.990086340989683344e-02
-1.960497851572511552e+00 5.572199027078501843e-02
-1.946221443335546253e+00 5.184822972717252620e-02
-1.931548466200897041e+00 4.954187398322768693e-02
-1.919088883540122747e+00 3.908416357992401668e-02
-1.908152406260066325e+00 6.433778785913588094e-02
-1.893713644924239103e+00 4.938485302341769079e-02
-1.885165764697204427e+00 5.386211329903731887e-02
-1.868225510614496487e+00 4.080007081904023919e-02
-1.859022007414032229e+00 5.574962108405408928e-02
-1.850651234399518952e+00 5.036599926692307549e-02
-1.833974658130638646e+00 4.273345803342253058e-02
-1.820905347277482988e+00 5.854282595010457113e-02
-1.803586115687571878e+00 4.900714737258306947e-02
-1.792287770331409291e+00 3.688422179121009920e-02
-1.781098699434368271e+00 2.633900851063870549e-02
-1.771232149563402913e+00 3.975565496291489503e-02
-1.758676605411070737e+00 4.825852051768177858e-02
-1.752739142017761598e+00 3.743853074787708429e-02
-1.738662452500147282e+00 3.642692293334356263e-02
-1.724218751613658229e+00 3.692864011815577552e-02
-1.712643113463968136e+00 3.755651548995760092e-02
-1.703174673530186922e+00 4.490883149661108187e-02
-1.690788047993262211e+00 4.186448394155842939e-02
-1.685253620975882827e+00 2.561014188559302546e-02
-1.676538971220367547e+00 3.687086938619678345e-02
-1.666062619273947831e+00 3.054905786246651239e-02
-1.656638587416430441e+00 3.656420287674791436e-02
-1.642070486413756969e+00 4.700150921654285691e-02
-1.632917959875445302e+00 3.597036826935984255e-02
-1.629280533891519722e+00 3.456789916659992745e-02
-1.618866404670670445e+00 3.394939265185266397e-02
-1.610377106003391123e+00 3.053078742856205063e-02
-1.596138537165020077e+00 3.754982384163219750e-02
-1.583032488901127133e+00 3.204273840008912966e-02
-1.573480637118096492e+00 3.933985345029507308e-02
-1.564351055155406289e+00 3.969538720175467411e-02
-1.555766109461697022e+00 2.689652956535239572e-02
-1.545167582235014603e+00 3.929729710016171412e-02
-1.533194818234906665e+00 2.300940783873634682e-02
-1.524544788502658621e+00 2.965969324106237232e-02
-1.516511871797268984e+00 3.787448992255634805e-02
-1.507903975198009894e+00 3.335675130088185114e-02
-1.496877039945318399e+00 2.064270181583472211e-02
-1.489667711226751567e+00 4.052044015053891945e-02
-1.474796928399113138e+00 2.936299626058255091e-02
-1.463298215212394116e+00 4.812196610742264236e-02
-1.455174026261713660e+00 4.045162077460694866e-02
-1.442777319392270607e+00 2.609330773673457921e-02
-1.428615869419553874e+00 2.685445744428355958e-02
-1.424131784051932970e+00 2.818246338290993427e-02
-1.417945155690043979e+00 2.845120348404327898e-02
-1.408528341570445708e+00 2.871478424736129825e-02
-1.398139393733154101e+00 2.886141740736538480e-02
-1.392811468466856439e+00 2.553822818867846484e-02
-1.387880422920074741e+00 2.131279608077673443e-02
-1.376189909975307213e+00 3.011087410480080967e-02
-1.364872462847977364e+00 2.580335410648855118e-02
-1.352641137147659878e+00 3.025169672481548694e-02
-1.345724161796685747e+00 2.520107286501963723e-02
-1.332712422645024652e+00 2.671756057761961317e-02
-1.325582413804774928e+00 3.972911747462252313e-02
-1.316367908044005386e+00 2.947281626962606343e-02
-1.304090260686411540e+00 2.566545040445925019e-02
-1.293741598564119410e+00 3.318575625758220932e-02
-1.285055808301898805e+00 2.167468368118534786e-02
-1.276911043917239530e+00 2.784526732061159970e-02
-1.264191757920887893e+00 2.630404390896644989e-02
-1.245901506414502924e+00 3.181239662863698248e-02
-1.240450100023309243e+00 2.553592569018605166e-02
-1.229716385298111003e+00 3.310835383585398334e-02
-1.223696411909088511e+00 3.538452344614149980e-02
-1.212968724674902354e+00 2.158285342645598417e-02
-1.200002269811620170e+00 1.769393956007613358e-02
-1.190176395354895167e+00 2.505998193994273329e-02
-1.182069646994243772e+00 3.004669751409744238e-02
-1.170486230164112795e+00 1.929809984090779043e-02
-1.165147211207689271e+00 2.157777522819468927e-02
-1.156381069036816367e+00 3.026501162182671997e-02
-1.149876833108471663e+00 3.430009102204057553e-02
-1.142188359155809518e+00 2.497771557245955301e-02
-1.137103549313630335e+00 2.311090871905260857e-02
-1.126845071394524611e+00 2.319448345137959527e-02
-1.116734440333749134e+00 2.522031201476572851e-02
-1.107203875917273761e+00 2.297849160642873728e-02
-1.098887980274329212e+00 2.973134107847279911e-02
-1.089815974984242875e+00 3.101906229524098446e-02
-1.082492325139622569e+00 2.646802095326656473e-02
-1.076787096259619103e+00 1.794997660982213319e-02
-1.066366332412174378e+00 1.876975217116099229e-02
-1.054595657690482025e+00 2.583019351826882845e-02
-1.049856307052415172e+00 3.271875782501591085e-02
-1.041538127003257319e+00 2.426810940495137056e-02
-1.032298853441005804e+00 2.706878502798810288e-02
-1.025594371865697907e+00 2.127337118587049186e-02
-1.014419073493779244e+00 4.474255498913025375e-02
-1.007221477834341794e+00 2.582123226292596871e-02
-9.929808990075279507e-01 3.870809816007715620e-02
-9.863026062581035092e-01 2.817081782919899496e-02
-9.759921204162005370e-01 2.160238247877872136e-02
-9.676766818456506991e-01 2.341797649806811807e-02
-9.570075725775964992e-01 3.214291930930650992e-02
-9.472346804818005950e-01 2.936048375983446590e-02
-9.399074006346369581e-01 2.667157570978743314e-02
-9.333164836750287296e-01 2.605601880255163996e-02
-9.254943503258662441e-01 3.007126193290598354e-02
-9.190375610661025707e-01 2.134724147882358092e-02
-9.094644298347560607e-01 2.893064775191224111e-02
-9.025798089418349823e-01 2.153384870082104829e-02
-8.919324911207814344e-01 2.478931858049234632e-02
-8.823411633139366383e-01 3.434815019568211031e-02
-8.723025104407993169e-01 2.333923479681615856e-02
-8.613511493372210115e-01 2.317073255837916873e-02
-8.565080257143993236e-01 2.080915679784847011e-02
-8.438369189941555826e-01 3.255053263376149475e-02
-8.340131787088134185e-01 2.247925640910982889e-02
-8.240827633901144367e-01 2.396132384956730504e-02
-8.169161769376757087e-01 2.825711903351232207e-02
-8.063809484786437221e-01 2.950454166102263812e-02
-7.965998856669604944e-01 2.356544795718551813e-02
-7.900360598144089419e-01 2.233064078225793780e-02
-7.811333587526033684e-01 2.814411525772544248e-02
-7.701450459784732194e-01 2.906807116835918858e-02
-7.652645613608994868e-01 4.403143860237630769e-02
-7.563985091567950736e-01 2.380814629079851946e-02
-7.478353547385714339e-01 2.206522642149740324e-02
-7.409223973398189056e-01 2.241640886744449696e-02
-7.326121583082720878e-01 2.157790656713359789e-02
-7.279202858306857982e-01 2.623749271181232204e-02
-7.187915286164620055e-01 2.732360050822182224e-02
-7.075356074795541295e-01 2.005120296585104558e-02
-6.994861591802985501e-01 1.748797342858444612e-02
-6.927926104796641171e-01 3.414122882968880640e-02
-6.854380601628192737e-01 1.737506817072102458e-02
-6.796400652569354328e-01 1.866861843486617226e-02
-6.715800261714975905e-01 2.642752478386550807e-02
-6.605597717063330654e-01 2.168498012190717139e-02
-6.536237350887031949e-01 2.004730563816842226e-02
-6.456572456415480277e-01 2.261740890697145484e-02
-6.367660097913347972e-01 2.082632266123215364e-02
-6.282393261783708605e-01 2.227149951562517119e-02
-6.165683023073330604e-01 1.918543022473094897e-02
-6.102659998461203994e-01 2.632236379277058669e-02
-6.040345456624575116e-01 2.508527216302024535e-02
-5.968977660652561301e-01 1.880034401539053615e-02
-5.874599597488526781e-01 3.684491912647415435e-02
-5.802767544896860752e-01 3.504001067131153752e-02
-5.726604651308482286e-01 2.588728873195990723e-02
-5.621832087629027308e-01 3.301735137794224034e-02
-5.564413925554567708e-01 2.810767867459342331e-02
-5.467277576597626698e-01 1.894270743851702785e-02
-5.412605596043583711e-01 1.807605066150090242e-02
-5.328909117327160772e-01 1.923445010276937997e-02
-5.265444024770841169e-01 1.761811867888048860e-02
-5.168172084702525870e-01 2.296511949934224028e-02
-5.078865243466582635e-01 2.382812481538223656e-02
-4.999405921463750957e-01 2.252163560396130276e-02
-4.914549246724002063e-01 1.931516526413449078e-02
-4.834940359029829549e-01 2.496155371819591337e-02
-4.739726691833287542e-01 2.846507550757911703e-02
-4.664413711789214823e-01 2.280165984597453538e-02
-4.543322029962729713e-01 2.726633847015956860e-02
-4.474206779431489922e-01 1.903522269178647974e-02
-4.359750009273176130e-01 2.265356409921475203e-02
-4.298872920192948754e-01 3.229013348352983981e-02
-4.202936469178101819e-01 2.050688889327638084e-02
-4.106550322610678094e-01 3.421566468274036404e-02
-4.033126001675283456e-01 1.829981769287438581e-02
-3.975192176443734238e-01 2.291589414871090732e-02
-3.897017300074442359e-01 2.146072596988589723e-02
-3.803207373156415327e-01 2.086802344408016791e-02
-3.735534822914220454e-01 2.957344571431291813e-02
-3.672655621531739634e-01 2.425830854980661616e-02
-3.571526819367162875e-01 2.570788475007707713e-02
-3.524450136575081882e-01 2.889714053391449419e-02
-3.464526289324625918e-01 3.014052955908774756e-02
-3.362058899446457305e-01 2.737945622359602010e-02
-3.293074514051658186e-01 3.728827662706982876e-02
-3.184901513383728289e-01 3.218147258951216394e-02
-3.089217436020776364e-01 2.711497095271338600e-02
-3.017179139251530140e-01 2.692611616751682327e-02
-2.955133665041626001e-01 2.175718569344960857e-02
-2.863332194559468635e-01 2.283732981068116452e-02
-2.779787622050391982e-01 3.119256123781006737e-02
-2.677314651641696797e-01 1.592546737699391049e-02
-2.607081210061752974e-01 1.826712040668897544e-02
-2.528912655384930597e-01 2.179197465770948278e-02
-2.449225698723558331e-01 1.632507018287670045e-02
-2.377633899698038122e-01 1.453063387410619654e-02
-2.293587390915650948e-01 1.805016458196435220e-02
-2.243174122525312397e-01 1.968501334722225909e-02
-2.168463863051339757e-01 1.916612552005279163e-02
-2.096238764991610881e-01 2.696595221164000550e-02
-1.996581020108053606e-01 2.710010391025475390e-02
-1.926729460100776448e-01 2.360574445079175604e-02
-1.871645601226799571e-01 2.683883014284406052e-02
-1.821961661137309618e-01 1.921558755487384057e-02
-1.742939937505586789e-01 1.700694467807814872e-02
-1.641885758612905977e-01 2.875835544477663847e-02
-1.581404751079016902e-01 2.538371703359094608e-02
-1.521596567894397956e-01 1.799153004769059663e-02
-1.428215232221226594e-01 1.711287271598246895e-02
-1.389311067920938059e-01 1.873585343695084379e-02
-1.303149887478339264e-01 2.261099347818631283e-02
-1.215272918504895772e-01 1.798107314937878037e-02
-1.121607389404720018e-01 2.666562195526716098e-02
-1.035585152976953999e-01 2.696032454582789062e-02
-9.532034100146410949e-02 2.697853176517653329e-02
-8.932224390168333472e-02 2.383974077257203922e-02
-8.115331516886688246e-02 3.156945117472163831e-02
-6.999832004778824834e-02 2.492552731157695808e-02
-6.232188837877139509e-02 2.517120729213451202e-02
-5.513625766354413038e-02 2.286692150857289746e-02
-4.931861948745631941e-02 2.113755156956639153e-02
-4.381340566870239872e-02 2.374731272167315138e-02
-3.323658593301810626e-02 2.764141118523210164e-02
-2.560380547000295354e-02 2.817920179581945989e-02
-1.392286257874796908e-02 2.260494723869391209e-02
-8.217573926192397668e-03 2.279093882216649825e-02
-1.157232234156970515e-03 2.417905062069151956e-02
4.727682208241007315e-03 2.279587004629155672e-02
1.455988406895323758e-02 2.440232430817537365e-02
2.428083424536512519e-02 2.058794312668553103e-02
3.562633575808153014e-02 1.250060387018403496e-02
3.982019574447422799e-02 1.991727370798285213e-02
4.689043175346535586e-02 2.126036836989524809e-02
5.784409445821250134e-02 2.105707719272436468e-02
6.646598033321735044e-02 1.710695130765811992e-02
7.129230080936681258e-02 2.246424646238315628e-02
7.921010545944053016e-02 1.461118692580966327e-02
8.740932005991311482e-02 2.561338240757309731e-02
9.705067475320508508e-02 1.972506071085471102e-02
1.052335692685752999e-01 2.089680309000185865e-02
1.150803369600460202e-01 2.317576459361459992e-02
1.205034515075925350e-01 2.279431604599007483e-02
1.288211394822236511e-01 2.339453398250708471e-02
1.361610729773147510e-01 2.408717305426031144e-02
1.450507447004937833e-01 1.951385499326117878e-02
1.493220827964554243e-01 1.870043395136765027e-02
1.580053155326781034e-01 2.242016173605618223e-02
1.655204685585103253e-01 1.945976148637989719e-02
1.737530631563703465e-01 2.530403051971567494e-02
1.841315366738135451e-01 2.718407943527028497e-02
1.924337154970228725e-01 2.447373058381149824e-02
2.005285979211063052e-01 1.626120841443667170e-02
2.091758724228402200e-01 2.515230537684838216e-02
2.237343316686727646e-01 1.919861372393178583e-02
2.321804557042939088e-01 2.759335909358500566e-02
2.430999010176536912e-01 2.393904211025272080e-02
2.547270675644657811e-01 3.040287109489564488e-02
2.626694044720320198e-01 2.154791294020787923e-02
2.684330503651312094e-01 2.691142294792808060e-02
2.789999835102535686e-01 2.339378756409418378e-02
2.869206504115350831e-01 3.687460422523213682e-02
2.931381190347666643e-01 3.363145004976246522e-02
3.030191800974807448e-01 2.228312019362407165e-02
3.117395566890951430e-01 2.733934508570270983e-02
3.188939632203998120e-01 2.430029448447008217e-02
3.275461486858622928e-01 2.366203860977357867e-02
3.359030301119488859e-01 1.962337229583497461e-02
3.443383156235759190e-01 2.470475120059787560e-02
3.492561635115666308e-01 1.983120393285821639e-02
3.544023710424863971e-01 1.998503246490582197e-02
3.646906247071743934e-01 2.032371916012031335e-02
3.706697166623177941e-01 2.240001614343710423e-02
3.776192743702951882e-01 2.310506843955902750e-02
3.827989248393444122e-01 2.346079569011967625e-02
3.918097880397168886e-01 2.871451459624475497e-02
3.985727061832372575e-01 2.657682182985567770e-02
4.079274629040628430e-01 2.323273033455382219e-02
4.144342406632299247e-01 2.471043904938006325e-02
4.258821839979635149e-01 1.924051722204692116e-02
4.352853824004753180e-01 2.265117464840433331e-02
4.401614660381193422e-01 1.913445654507141616e-02
4.454791601731189488e-01 2.663027872042111194e-02
4.586826913928728766e-01 2.671091472925667815e-02
4.671039370449928674e-01 3.051385317097240341e-02
4.779028545684472218e-01 2.003136866030606408e-02
4.824208832880937936e-01 2.338584631824813104e-02
4.884489754315645138e-01 3.067030486485741725e-02
4.987586576418278628e-01 2.101533943543539701e-02
5.085090044779131402e-01 1.842840177873329016e-02
5.158334154747805655e-01 2.693569409649786833e-02
5.249826952133165303e-01 2.222377746646735791e-02
5.314096413464757251e-01 1.791205421161253669e-02
5.385069239399806751e-01 2.299465499166302579e-02
5.505755185138939689e-01 1.966475046833096596e-02
5.579300491161646169e-01 2.473231166772529854e-02
5.664851351038676652e-01 2.280288758369826765e-02
5.719065921566922617e-01 3.668534044012296269e-02
5.780979957784632139e-01 1.940573524118203649e-02
5.848189754027168785e-01 2.155393045721934464e-02
5.952672858311058857e-01 2.735081988894635247e-02
6.054918478037946139e-01 2.209669957136498053e-02
6.112818197426973521e-01 1.933445104661568603e-02
6.187305672548034652e-01 2.343647253675044256e-02
6.312389841531386159e-01 3.064693848135267157e-02
6.390272439962216833e-01 1.925539222390499836e-02
6.453952099471420567e-01 2.463674101910505454e-02
6.550711129486844753e-01 1.412275263745406406e-02
6.640217071652096958e-01 1.597095201155265820e-02
6.735157988509253846e-01 2.069168117551050193e-02
6.819926770493969226e-01 2.031468958366932503e-02
6.881089986910666756e-01 2.479459301877122088e-02
6.977069186144707613e-01 2.204417670051229960e-02
7.048997253241384708e-01 1.682003241638221208e-02
7.094908712922060046e-01 2.293758345765144896e-02
7.197769157206309609e-01 2.141707264740698100e-02
7.294460533623159382e-01 2.508186192022431385e-02
7.345042070937265466e-01 1.837275940641132713e-02
7.402047073397702848e-01 1.641422562319947570e-02
7.486808497039469934e-01 2.569810951292338802e-02
7.582789555795926839e-01 2.147829329279381597e-02
7.696613325726950894e-01 2.248934254471537247e-02
7.770813105199853021e-01 1.703997575694048139e-02
7.843147672463135489e-01 1.960666511029095574e-02
7.923718860204694847e-01 2.481708983383901918e-02
8.026688258879872695e-01 1.885971014812999960e-02
8.099125821192532104e-01 2.181437300542901636e-02
8.168228471422708248e-01 2.321502224398952832e-02
8.227827403926772920e-01 2.007918241760025049e-02
8.337066686488615597e-01 2.918255271835303727e-02
8.431033828446373724e-01 2.548510221049679614e-02
8.520443148722998128e-01 1.893920830736774488e-02
8.590950451082814965e-01 2.484979722980994871e-02
8.654075927849195216e-01 2.269345673571971506e-02
8.752097135250404003e-01 3.622028190520791557e-02
8.832934813565653798e-01 3.062144524336988388e-02
8.884682007338151610e-01 2.294300910236796859e-02
8.946750819139068778e-01 2.409799347615701817e-02
9.015151386782767062e-01 1.945905365351157518e-02
9.123595999548970159e-01 2.769466382520836475e-02
9.215464061471523305e-01 2.071152852922452867e-02
9.283558814048855634e-01 1.669165808141626073e-02
9.403762573859211216e-01 1.904489644397245468e-02
9.480922673838888537e-01 2.069478480536505322e-02
9.560154456489693420e-01 2.492418657091066692e-02
9.620196592014995662e-01 2.199760328869212328e-02
9.740543841827141724e-01 2.346725041700941164e-02
9.823307391904035901e-01 2.496821487532943640e-02
9.897629380006562894e-01 3.877064836569294598e-02
9.982834042381565354e-01 1.968447768698674757e-02
1.008029051604606208e+00 2.309495220693986994e-02
1.016631484909300998e+00 2.314049307483127468e-02
1.024392498754541192e+00 3.033453886690318929e-02
1.034473900645641820e+00 2.541140586585654421e-02
1.044163914254588876e+00 2.667378111409130642e-02
1.054050285040434076e+00 3.659202744269042518e-02
1.060463171554040240e+00 3.028744591023295810e-02
1.068649912208939012e+00 2.672691796006684828e-02
1.077598511952135629e+00 2.269602875030212602e-02
1.088176748063117261e+00 2.121063969548112049e-02
1.097184793387845136e+00 1.982351443691375559e-02
1.101306874584781825e+00 2.613219256317151837e-02
1.111334069037832828e+00 2.883146040684084199e-02
1.119702374070997930e+00 2.978603719359721597e-02
1.131638635349948130e+00 3.755654249867063088e-02
1.142263193989858205e+00 1.881001393247649575e-02
1.147025345188078971e+00 2.548880928349229677e-02
1.160704206478544664e+00 3.424944399129713213e-02
1.168361418106192318e+00 2.818961341952721036e-02
1.174225650776261176e+00 2.099997590440367060e-02
1.184324689138630315e+00 3.105502324435942610e-02
1.192949969682194578e+00 3.251345236471842731e-02
1.203010712932750081e+00 1.833209599655496319e-02
1.213156352181467224e+00 2.160301432640688094e-02
1.220895434047790218e+00 1.784187940498753802e-02
1.225328817252994806e+00 1.406345838559741601e-02
1.232749868394968695e+00 1.950283794130006076e-02
1.242922893994015121e+00 2.719534319062362135e-02
1.249629620131955221e+00 2.716933744498298969e-02
1.259139827788278154e+00 3.427127407234402401e-02
1.266763812281310297e+00 2.138839740580391474e-02
1.276559338168422819e+00 2.851349794473511529e-02
1.282841380981178059e+00 3.029814130142017420e-02
1.293017360983861774e+00 1.995982867241680170e-02
1.296354184313511571e+00 2.319894725379158598e-02
1.305179049042096695e+00 2.345446104473870169e-02
1.315960302621651978e+00 2.502552405448598555e-02
1.324224951905877745e+00 2.476601383786313296e-02
1.335069519017510364e+00 2.428566943209965051e-02
1.344051167988228546e+00 2.848662192111405325e-02
1.354481202773172965e+00 2.760928790279413778e-02
1.362726731151094439e+00 1.884180094065101424e-02
1.368529451538064823e+00 2.479918025491519712e-02
1.379865496640831024e+00 2.994734519405001932e-02
1.384916953074684542e+00 3.422434322372707588e-02
1.400606399151398396e+00 2.678849120418604762e-02
1.409349634665803652e+00 2.697217548016182451e-02
1.417132119284339797e+00 2.293891006733665000e-02
1.423508904271578723e+00 4.782414359751002708e-02
1.438609776222053771e+00 2.067950262419202684e-02
1.443469659550176809e+00 2.580521838426201933e-02
1.456050698340779048e+00 3.789546032408380727e-02
1.463826456847394653e+00 3.609570822890594000e-02
1.471279870566904124e+00 3.747499600019243982e-02
1.482332706170375269e+00 3.435672598461126520e-02
1.489768703297531971e+00 3.193103038453209974e-02
1.498629607477647063e+00 3.192342442028058697e-02
1.509438844650293543e+00 2.840887662189132620e-02
1.517388650196241917e+00 2.175136576368669888e-02
1.530473081114898104e+00 2.678817244366020131e-02
1.546406903318102710e+00 3.417520888920829586e-02
1.555745272462616846e+00 2.645952229369048433e-02
1.569186415922704914e+00 3.329452206604967962e-02
1.579935063582839083e+00 3.049113071041436446e-02
1.589023105711419026e+00 3.273941165891171290e-02
1.600971483245832161e+00 2.550635386476580654e-02
1.606335971846984734e+00 3.135490791269383848e-02
1.614837181154126444e+00 5.045542058779987210e-02
1.622406904186310950e+00 3.404151492794015021e-02
1.632889797080376626e+00 2.825010131160038407e-02
1.639688850026177480e+00 2.772926563924751203e-02
1.654032919327551809e+00 4.091598199267165725e-02
1.659347179622200574e+00 3.044480204353599423e-02
1.665949767277439930e+00 2.658575975238823899e-02
1.675966257529326597e+00 3.057825776933530484e-02
1.691153402821762741e+00 3.935745955706904803e-02
1.700677474542592105e+00 3.450003661288656570e-02
1.714620922920722546e+00 5.332092091953659352e-02
1.729940207358569237e+00 3.890130803309524432e-02
1.741300146872637455e+00 5.292666990198111737e-02
1.750303675496047706e+00 3.813546466576234195e-02
1.766618870098243033e+00 4.266303407508490603e-02
1.779372339269021497e+00 3.711663268570595392e-02
1.790066953106465464e+00 3.024527693690884367e-02
1.799302313278449361e+00 2.770780970529204690e-02
1.807507413698811849e+00 3.001743058572659689e-02
1.812640982319411620e+00 2.767101966058704843e-02
1.824642425992857087e+00 3.011834858536729248e-02
1.831821788624460323e+00 4.431170133637313269e-02
1.839053406419024039e+00 4.070473015836158920e-02
1.851451745945116967e+00 3.698132871875491057e-02
1.863267715468275965e+00 7.371127867013035906e-02
1.877047424050153568e+00 4.582463881491476154e-02
1.890528971059719510e+00 4.746427263716872236e-02
1.904962937367685738e+00 3.391547740526722199e-02
1.913668875675945902e+00 6.284870001740321122e-02
1.931918559889824305e+00 4.403651978156497560e-02
1.947499325003856585e+00 6.840043447137564292e-02
1.959579426875978303e+00 7.058903406129479752e-02
1.976997672164730435e+00 5.967798858456861005e-02
1.994815725289673436e+00 5.040048825076111350e-02
2.005561037362398658e+00 3.924689376291055215e-02
2.024221500081457403e+00 3.452513321844009886e-02
2.030939125252728239e+00 8.833357648022735487e-02
2.046308699688956345e+00 5.944999268518915553e-02
2.061590363633938772e+00 4.491635729508650782e-02
2.079105281804038974e+00 6.423905986919700717e-02
2.100512731730524330e+00 6.760287457545385847e-02
2.119666704626125497e+00 5.313741581759652555e-02
2.141599797995962895e+00 7.818298739563261934e-02
2.149329167988004663e+00 8.344881694162867292e-02
2.164382023066631966e+00 7.803254841143555942e-02
2.181417602612607531e+00 4.142786693193500902e-02
2.197269064133316796e+00 7.657260048841851852e-02
2.209765866975991422e+00 4.782298388262017780e-02
2.227753601034555331e+00 5.650769456350481640e-02
2.238613523959820384e+00 5.151913351911362182e-02
2.254896803851861087e+00 7.271369332516230966e-02
2.276297943227803877e+00 5.654883902808960361e-02
2.291429247109805889e+00 7.271661403275850311e-02
2.323482098337309676e+00 1.054081758297315818e-01
2.336465661407300054e+00 1.193485677206995998e-01
2.361029358522790833e+00 5.976009526941130495e-02
2.374443710062938973e+00 5.766178607335885331e-02
2.391577057458736721e+00 9.934597486745702644e-02
2.406484252140487001e+00 1.087381978532726556e-01
2.446137961455998155e+00 1.288195856378309689e-01
2.482751421636459899e+00 1.646187794680201710e-01
2.515759738672053381e+00 1.374506904923167294e-01
2.538597194074730279e+00 1.102225262837915887e-01
2.590092427047595347e+00 2.020587625461324477e-01
2.622447609502992272e+00 1.059180874625109403e-01
2.660439625407673425e+00 1.533070966949521829e-01
2.739600634972858995e+00 1.496359818602171210e-01
2.919421439639139582e+00 1.963753386316131611e-01
# 
# In this footer, we provide a description on the contents of the
# columns in the file. 
# 
# 0) Energies averaged across different disorder realizations
#    (i-th) eigenlevel averaged across i-th eigenlevels of all
#    realizations.
# 
# 1) Eigenstate IPR values averaged over different disorder realizations
#    in the same manner as energies.
# 
# 
# 
# 
