# 
# This file provides data on averaged eigenstate
# IPR (inverse participation ratio), defined
# for an eigenstate \ksi_lpha as
# 
# ipr_lpha = \sum |c_i^(lpha)|^4
# where c_i^(lpha) are the coefficients of the
# expansio of \ksi_lpha in the computational basis.
# 
# 
# Location of the initial .hdf5 datafile: ./results//qsun_toy_usrdef_random_grain_toy_model/pbc_False_disorder_uniform_ham_type_usrdef/L_9_L_b_3/alpha_0.8 
# 
# System parameters: L_9_L_b_3_pbc_False_disorder_uniform_ham_type_usrdef 
# 
# Module parameters: alpha_0.8 
# 
# 
-3.501688183006816502e+00 7.645293409420580999e-02
-3.398132437501760084e+00 5.731608026144643236e-02
-3.342073924256381723e+00 5.245599523511086659e-02
-3.261456987902574323e+00 3.435392114786096213e-02
-3.235403544475572435e+00 5.043410602673357307e-02
-3.200835337365535160e+00 3.585140928833739637e-02
-3.135266878678068192e+00 4.051159478643875239e-02
-3.090539246605509938e+00 2.824233007226350026e-02
-3.071791721354749871e+00 2.849308673416194385e-02
-3.056835707082424580e+00 3.133007989399187038e-02
-3.018762289222309825e+00 1.719643532832255267e-02
-2.995791626908210326e+00 1.802873818586580787e-02
-2.972656241229619134e+00 1.737944979304752863e-02
-2.953753949341161089e+00 2.461340523706003619e-02
-2.920812018461441006e+00 1.415987189581533953e-02
-2.897358567094523885e+00 1.294953180809518475e-02
-2.881438429691399072e+00 1.792254826472618884e-02
-2.861271444690029586e+00 1.399574024985880162e-02
-2.834168379460704212e+00 1.213543407463744603e-02
-2.817330890448858760e+00 1.544658306972265804e-02
-2.794961332922732300e+00 1.288659956494395652e-02
-2.776853295858936033e+00 1.379259189529632654e-02
-2.770065148434125213e+00 1.324686120959345237e-02
-2.751479529498834786e+00 1.451144015020595056e-02
-2.733347716098346591e+00 1.157656393722077300e-02
-2.712268536815424458e+00 1.197535947626850866e-02
-2.693336999043126845e+00 1.386322708690648428e-02
-2.681849578699348147e+00 1.509298021075495058e-02
-2.658812824409355180e+00 1.290172856759454548e-02
-2.644549241406284334e+00 1.079649267708473158e-02
-2.624379114974021654e+00 1.335980581194959327e-02
-2.605506356999913287e+00 1.066416755199637093e-02
-2.593856485477903817e+00 1.265265492919890808e-02
-2.578339780954658433e+00 1.110893939257612262e-02
-2.563062584994455051e+00 1.241950481130214314e-02
-2.540176611243574634e+00 1.123181334826548958e-02
-2.522323642057988202e+00 1.204663141014117138e-02
-2.507920558608026429e+00 1.069502964893938833e-02
-2.489682976373502665e+00 1.185942707329041765e-02
-2.472225777977892669e+00 1.097337930363550575e-02
-2.457324097290579434e+00 1.243529590745683783e-02
-2.440599202809843327e+00 1.260889876046174772e-02
-2.426905905053819534e+00 1.119666477958458986e-02
-2.412788605207734527e+00 1.018960016018014871e-02
-2.403562431349214989e+00 1.085238704517297974e-02
-2.390426151154939394e+00 1.117390854277502954e-02
-2.373292648635074276e+00 1.112741097473755013e-02
-2.357740637955289209e+00 9.492761436568417435e-03
-2.341035959203840999e+00 1.213685822453735609e-02
-2.326571487720065168e+00 9.235590574907290295e-03
-2.311844065135122861e+00 1.112020533249636831e-02
-2.298735500698737333e+00 1.049700096670322207e-02
-2.283766865187608630e+00 9.932795477062630191e-03
-2.267208014911495706e+00 9.831073875704079632e-03
-2.254583770095631046e+00 1.347688296568480548e-02
-2.236451733703382239e+00 9.529130144071324554e-03
-2.220448739368690916e+00 8.770559907804439947e-03
-2.209586400535399342e+00 9.285708167832177132e-03
-2.194369758240582335e+00 9.123496566058809237e-03
-2.180554116326538949e+00 9.026385709733523305e-03
-2.167169743039031538e+00 8.582706249168209345e-03
-2.151367137477969926e+00 8.592099577023134746e-03
-2.141811666533682601e+00 9.735080865827128865e-03
-2.126304313754563413e+00 9.353118408336929049e-03
-2.116032535131788350e+00 9.231368362557220569e-03
-2.097656673973361308e+00 8.812579456695430677e-03
-2.084803247693583383e+00 9.631742942674773739e-03
-2.070539043997321471e+00 9.454988256804726030e-03
-2.058195354068728555e+00 8.499208986413375744e-03
-2.047872784555815784e+00 8.389882683364716792e-03
-2.035208773639791691e+00 8.484038530376191919e-03
-2.018644216094420685e+00 9.840453436805193452e-03
-2.005947510861163074e+00 9.755023149302599617e-03
-1.991371131732170285e+00 9.814037862953079935e-03
-1.983341125916449954e+00 9.648627141298229959e-03
-1.969697604497927301e+00 9.764499191226775135e-03
-1.954447685440736660e+00 7.532193962545173302e-03
-1.942622038340678925e+00 9.270966795889259288e-03
-1.934021799425504229e+00 8.682896659238298342e-03
-1.921956588104246411e+00 9.532270896235945506e-03
-1.904996042805317868e+00 1.028779367245655219e-02
-1.893225583649885024e+00 9.168140702116214097e-03
-1.879583186495659586e+00 9.784202185687689707e-03
-1.865044684474373771e+00 9.152136567220074681e-03
-1.856765468323227086e+00 8.600896804905435941e-03
-1.843733316424418733e+00 8.304866432827146677e-03
-1.833971831863210777e+00 8.903750188367079085e-03
-1.826452009395011178e+00 8.000778561997826804e-03
-1.813089644077466644e+00 8.483844434940121179e-03
-1.798844860153849368e+00 8.253020691347767029e-03
-1.784593508518312888e+00 7.834311332036218017e-03
-1.777823615545174984e+00 8.645803519192904463e-03
-1.768815947900701291e+00 8.265148799155542028e-03
-1.758447036880372183e+00 7.245951575543770236e-03
-1.742382553011791568e+00 8.950896568145938134e-03
-1.731658825120708567e+00 8.426684957615115934e-03
-1.722776217180856051e+00 8.037912645728758146e-03
-1.712232869334973984e+00 8.450665293945839457e-03
-1.698829168279143875e+00 9.169678661525947419e-03
-1.690037527001724715e+00 8.190055681637853705e-03
-1.677895209341035976e+00 7.841856254723866479e-03
-1.668613776823399730e+00 8.705326395810902493e-03
-1.657233587922427365e+00 8.134909019922304321e-03
-1.650787229912805909e+00 7.960177811532645475e-03
-1.629631084882487313e+00 9.114955174896570422e-03
-1.616387195775247587e+00 9.042175635173649306e-03
-1.599834146078188413e+00 9.070588785761715331e-03
-1.590491419869884737e+00 9.162657870894350826e-03
-1.576404353609094144e+00 9.067834542792545596e-03
-1.569271497410130944e+00 9.367201116932868249e-03
-1.560780740642847997e+00 7.591729628232084595e-03
-1.546734027677608481e+00 7.969683588786602782e-03
-1.536420684740297471e+00 7.800010075818597510e-03
-1.523535205911828116e+00 9.112410936883122772e-03
-1.511938556669697453e+00 7.639470106707890555e-03
-1.495337028792951717e+00 8.490666663376179521e-03
-1.488864597779795185e+00 7.867546991501649448e-03
-1.481242468980269678e+00 7.618591070380209551e-03
-1.465008222705059815e+00 7.262200658408393683e-03
-1.452926416683017585e+00 8.211043203574165672e-03
-1.441008376390390255e+00 9.430449614558718621e-03
-1.428801800684948997e+00 7.852965011538082934e-03
-1.418302803033662851e+00 8.380122956910504226e-03
-1.406824072500262757e+00 8.492912042231589784e-03
-1.396333992550959469e+00 8.327250917512539485e-03
-1.386503955422559997e+00 8.081862181993129321e-03
-1.376038798821716203e+00 8.156807143206682917e-03
-1.364694912931814441e+00 1.239762370825695306e-02
-1.351122930248530363e+00 7.357966276622981971e-03
-1.338430580419167626e+00 8.032208472097851146e-03
-1.328415653224605197e+00 6.988844118430084448e-03
-1.317288004972789750e+00 8.513041399949752841e-03
-1.308735260934230427e+00 6.399541046010400261e-03
-1.299955097533695980e+00 7.250363759196402913e-03
-1.285869535939170527e+00 7.915841108516504659e-03
-1.276047082903404739e+00 8.419074070325651901e-03
-1.262655365162836274e+00 7.337226665731090558e-03
-1.252127324459028745e+00 8.237447054900145366e-03
-1.245721458412023086e+00 7.764563605139593316e-03
-1.231000728061425686e+00 7.627528063971586447e-03
-1.222422779345121668e+00 7.475514136246900858e-03
-1.208576285556607344e+00 7.997233226623717481e-03
-1.200440098385866960e+00 7.589390105171557772e-03
-1.186336886237772337e+00 7.514391491581904996e-03
-1.175386537068956017e+00 8.248029277000776954e-03
-1.165308336085286278e+00 7.693255845234543353e-03
-1.158304354836635630e+00 7.579484528928109692e-03
-1.147659216878826438e+00 7.908912602358179542e-03
-1.134547132838263694e+00 8.232136391918640911e-03
-1.127093132816054943e+00 8.546284383777306287e-03
-1.120941987186098832e+00 7.159725755031006930e-03
-1.109149710827487922e+00 7.361255833697911630e-03
-1.095862838075819301e+00 7.930591036021299514e-03
-1.083071302393846524e+00 7.701148712641982426e-03
-1.070609165252673467e+00 1.434345186014100715e-02
-1.060125640195301866e+00 6.617175642671687015e-03
-1.051978298016902347e+00 6.906217083850016425e-03
-1.040370649899968303e+00 7.599881013518300366e-03
-1.028307312304037824e+00 8.981373923681729154e-03
-1.020628987599728976e+00 6.755963895963941306e-03
-1.003511784571488263e+00 8.319126501473298255e-03
-9.958324465994428110e-01 6.840481911101078949e-03
-9.875511276905140079e-01 8.232349905639816529e-03
-9.775939266111706161e-01 7.817131963514254225e-03
-9.675963699938610052e-01 7.530710520295221325e-03
-9.553913789992428685e-01 7.419669818031673914e-03
-9.450704378424363838e-01 8.445991390602480831e-03
-9.373707144568683702e-01 8.100835856949708050e-03
-9.257470500077420450e-01 6.892493407574332327e-03
-9.104303766414382215e-01 7.842442284459707341e-03
-8.974901050579155992e-01 7.357504837067725852e-03
-8.864720546514540667e-01 7.082964986067604926e-03
-8.825006459362019218e-01 7.824317373748536364e-03
-8.716395990974099561e-01 9.880617738937943345e-03
-8.593316363608852759e-01 8.674784347961827374e-03
-8.495775105422953555e-01 7.944746397573894739e-03
-8.388665559013148698e-01 8.568021676407454670e-03
-8.311071660875916089e-01 7.213654260291359546e-03
-8.192989672950024005e-01 8.463967807617402833e-03
-8.053139510684867997e-01 8.069633836497631246e-03
-7.945067770671385698e-01 7.832992840280581653e-03
-7.800692753909548305e-01 7.810110379957634248e-03
-7.707518592176018091e-01 7.308968090467793735e-03
-7.607371042708526154e-01 7.159141494792647768e-03
-7.479982356021352974e-01 7.425096828156009868e-03
-7.356506014175959729e-01 7.655419336735585709e-03
-7.282411176449908874e-01 7.526809614498686067e-03
-7.170137064832136087e-01 6.697241041318647767e-03
-7.063721415469305098e-01 7.177269897285403974e-03
-6.970187484443611803e-01 9.571287493307881894e-03
-6.876057289267396566e-01 8.330810765818211922e-03
-6.773512636616543237e-01 7.622781980584222676e-03
-6.681174419686428667e-01 8.867853143965532398e-03
-6.571731015665529529e-01 7.425202748241027835e-03
-6.411566327714537383e-01 6.480274191077352135e-03
-6.277949311852439873e-01 8.324946044517811047e-03
-6.200472168889732405e-01 7.385990709086157242e-03
-6.104677276635249727e-01 8.976885160555534565e-03
-5.996589956006432853e-01 7.633201455245906993e-03
-5.879523582255982150e-01 8.485309651520056562e-03
-5.763794534828442506e-01 7.098052302139565631e-03
-5.666171925305828472e-01 7.580832513182908516e-03
-5.536634053544988721e-01 7.149432821189528539e-03
-5.415414579396635730e-01 7.136131288648051192e-03
-5.286118275806175326e-01 7.234984840389683917e-03
-5.209149250064213366e-01 7.071444716442433671e-03
-5.132043556403307338e-01 7.789520344439193611e-03
-5.070972343204510624e-01 8.802253562128232317e-03
-4.935285886801013544e-01 7.643598886849070455e-03
-4.764523891855744209e-01 9.069735516997367436e-03
-4.684873178501532398e-01 7.274097758040934045e-03
-4.589268873352476130e-01 8.088203373563241511e-03
-4.480217507639648877e-01 8.502047845432479656e-03
-4.367152492640246075e-01 8.410834149244972996e-03
-4.271949283622428206e-01 8.076342411016511000e-03
-4.192848179191181468e-01 7.738312176292993887e-03
-4.094212993490809471e-01 7.970406435948285476e-03
-4.023599280262007971e-01 7.331903045943099877e-03
-3.884881940413317247e-01 7.287305306535940726e-03
-3.789194753015575623e-01 8.249383489752248194e-03
-3.644744672062228408e-01 8.653349549018933898e-03
-3.540466900886160562e-01 7.957140031109125392e-03
-3.407067407323297603e-01 8.200107333876034341e-03
-3.303694480751547258e-01 7.819647178472648869e-03
-3.212700277571366447e-01 7.512921540701880500e-03
-3.104547925121478036e-01 7.952693108216793427e-03
-2.995264848739100927e-01 7.726197034115867002e-03
-2.918901568961172477e-01 6.828735733669835661e-03
-2.779530980489537950e-01 8.093247657406894141e-03
-2.701871204557203532e-01 7.312481744959217593e-03
-2.577919556300669601e-01 7.098769853149891444e-03
-2.487224295526755391e-01 7.561700398492229858e-03
-2.323273600237544534e-01 7.343374956641159253e-03
-2.233205616496006518e-01 7.187440875424858273e-03
-2.159216449069030763e-01 7.672748289312444729e-03
-2.030506342780163398e-01 7.590856059018677091e-03
-1.939928431751602178e-01 8.540003686662418769e-03
-1.867404555294830126e-01 7.807644445617875802e-03
-1.770788155902049965e-01 7.781748311785098397e-03
-1.700440557780935891e-01 7.730168225990712190e-03
-1.564395215532156658e-01 8.361211533215954367e-03
-1.491183342975007931e-01 7.623380762464282596e-03
-1.371385568029596658e-01 7.657190657460728571e-03
-1.219957670472319455e-01 7.068623719191496728e-03
-1.141056556922461773e-01 7.227716391792792135e-03
-1.003940481354681502e-01 6.928348784548008996e-03
-9.000835207628429813e-02 8.269605959335315365e-03
-7.967598708792573980e-02 6.986665096218212627e-03
-6.977479508988941592e-02 7.643373169588772893e-03
-6.209593379067419872e-02 7.719305079346723726e-03
-5.099077706605696647e-02 7.071780752640628373e-03
-4.280589191739450627e-02 7.459029952474991072e-03
-3.248280131678036448e-02 7.598973369330093604e-03
-2.483702132529777215e-02 7.335580712894837312e-03
-1.359746181087046445e-02 6.620810450533662003e-03
-3.806867528718792075e-03 6.931242526156793267e-03
6.038527916384321854e-03 8.300113277611667617e-03
1.615925641625404890e-02 6.822458932098903264e-03
2.039790336277733443e-02 7.269539735050236165e-03
3.381091006244494462e-02 7.626199655088258984e-03
4.560308386800047270e-02 6.784609221726893395e-03
5.331856006349298266e-02 7.373935916790285913e-03
5.921912953304131477e-02 7.743864290977222828e-03
7.252411108314422983e-02 6.708901491003761708e-03
8.397966756104784103e-02 7.761956487621251080e-03
1.007411539507142295e-01 7.119048918556626811e-03
1.081519641147790922e-01 8.156234889844012764e-03
1.188932604837091844e-01 8.215491060841831686e-03
1.290485037653635314e-01 7.891770630850791085e-03
1.390825387069109520e-01 6.553215268552710707e-03
1.515446317150535571e-01 7.619910133455279518e-03
1.618389052888722368e-01 7.073947472596689781e-03
1.703551755389156042e-01 7.450671441943440901e-03
1.774545081662986523e-01 7.262625401071980298e-03
1.884091746352363761e-01 6.391883316270351167e-03
1.965364188331484852e-01 7.944538393114547112e-03
2.090237314620853049e-01 7.472461151785491848e-03
2.218035641475704922e-01 6.670762078763090019e-03
2.283920810841092719e-01 7.458583854597096614e-03
2.365606538318875685e-01 6.867057803846806155e-03
2.444848029396522460e-01 6.915678625100693186e-03
2.594592173193701612e-01 7.201722821162633362e-03
2.691315034048359922e-01 6.624711706525590778e-03
2.802065331040927143e-01 7.663079278144056990e-03
2.890491729303759638e-01 6.716076599216976029e-03
3.019916891819995897e-01 6.564541662183773219e-03
3.110388072259243630e-01 7.408370857160917825e-03
3.186498086712387101e-01 7.153668870345307289e-03
3.284149062820637122e-01 7.845207772125698323e-03
3.386257959269952655e-01 7.729513996667258628e-03
3.543373964424366696e-01 7.289177360112028721e-03
3.626628096199609463e-01 7.215641012112597452e-03
3.745113057804318468e-01 7.433122977133878491e-03
3.834117460098337427e-01 6.826257295528323672e-03
3.923371744742903955e-01 7.545857405760432630e-03
4.003194991822349169e-01 8.034587582218656251e-03
4.109058778090068920e-01 8.353488614106932900e-03
4.196006865674045683e-01 7.448091291346310358e-03
4.295358704934070238e-01 7.478164342609075477e-03
4.382801228033914032e-01 6.857649566407128180e-03
4.475288574658443652e-01 7.822524806209658899e-03
4.609418017877113805e-01 6.931467228548554398e-03
4.731832834908009100e-01 7.783504647012415116e-03
4.814559794830067796e-01 7.460797432558797723e-03
4.918617654507435044e-01 7.392759138380106468e-03
5.013191885157117778e-01 7.174507830170151479e-03
5.115591048773631133e-01 7.321070098145805553e-03
5.210579215280064513e-01 6.795562447532076285e-03
5.275354735832489261e-01 7.807684590342434290e-03
5.419331968513902975e-01 7.741340219997160446e-03
5.525015752237891764e-01 7.153283689636240339e-03
5.639217965118495934e-01 7.698919061127751547e-03
5.784779377520073984e-01 6.845859882632902675e-03
5.835744321774327670e-01 7.441879165210893779e-03
5.920540633142110654e-01 7.807826878428741554e-03
6.014823845171644034e-01 9.002867179991174210e-03
6.172832703088841910e-01 6.670778517215113224e-03
6.268446799019867788e-01 7.927244469246268535e-03
6.351294798983367906e-01 7.267699305679347146e-03
6.456943142159503601e-01 7.695457185028920302e-03
6.558229537944944010e-01 7.205383552015364075e-03
6.632942695247727727e-01 7.826277168733755674e-03
6.718050500484579191e-01 8.687366742630989874e-03
6.795498350465861703e-01 8.061296485328472636e-03
6.932602696823350064e-01 7.041498378461380492e-03
7.066468638799727753e-01 8.116654712660690066e-03
7.121194295731584356e-01 7.889209698086169925e-03
7.265599328514037447e-01 7.691777984709732494e-03
7.348174448821009896e-01 7.329059632663594004e-03
7.458985968091409458e-01 8.426175723582767646e-03
7.544989400270625257e-01 7.554198355341643079e-03
7.668269365410836924e-01 8.448430961672326669e-03
7.785727542699147907e-01 7.808541926914966229e-03
7.864305592498446185e-01 8.373250776239264323e-03
8.037337724052797672e-01 7.566426836026989185e-03
8.129214470019588967e-01 7.534986052772649559e-03
8.252168669407859980e-01 6.821084051347460833e-03
8.340389006260068294e-01 7.150467159538526248e-03
8.469075253686526583e-01 8.578003744162066013e-03
8.543153399230387635e-01 7.584891750918043747e-03
8.651401675045680140e-01 7.252832368893466844e-03
8.739799480424711442e-01 7.142752058764011494e-03
8.894928637963577245e-01 8.321943302955787242e-03
8.979159092113210283e-01 6.606907604253207771e-03
9.109109837785804853e-01 6.751154869446414700e-03
9.196223741869389290e-01 7.173864705085299456e-03
9.294828958695360299e-01 8.918272441516817556e-03
9.442004707200013502e-01 7.428051476101713360e-03
9.531408312714360065e-01 7.747262279948341837e-03
9.602563116990611158e-01 8.183295070743305463e-03
9.679608915541354497e-01 7.083655282276529741e-03
9.798891865336329943e-01 7.535020623728984172e-03
9.891591716982531812e-01 7.405258708163831027e-03
1.000289089289751798e+00 7.802426319710606406e-03
1.012711429976587141e+00 7.138983740925855179e-03
1.024809615182415312e+00 7.403055842322757082e-03
1.037967833060536416e+00 7.220495207354665941e-03
1.051309313557211578e+00 7.496724829715448006e-03
1.061118074097300079e+00 8.516954337831872043e-03
1.069179038947549287e+00 7.783901186314899460e-03
1.078592094118015154e+00 7.746034859569092719e-03
1.088199932074169984e+00 8.983438397493192715e-03
1.101566790229424608e+00 7.420898163668485439e-03
1.115862054070644094e+00 9.162686835996226853e-03
1.122774472262467071e+00 7.985530917488152525e-03
1.136314308401135564e+00 8.985797449203572138e-03
1.148657387706651267e+00 8.421019772041678925e-03
1.157867869014427953e+00 1.026111139800657546e-02
1.165967190697614342e+00 7.016066309380712511e-03
1.180905089804371810e+00 8.080914946425987733e-03
1.191450370954808324e+00 8.907481081951799592e-03
1.202907851943387119e+00 7.503842352819499462e-03
1.212930820385371700e+00 7.886079806401853978e-03
1.222207278972395894e+00 7.321993082238404185e-03
1.230068969506506571e+00 7.152816691950931657e-03
1.248449411774623652e+00 8.360560084970250841e-03
1.255396949552897601e+00 7.667078576668390037e-03
1.265203490928901386e+00 7.666701814678472844e-03
1.274742416130172362e+00 7.644664399604308644e-03
1.287474178446153417e+00 8.215603147806647272e-03
1.298267356693135754e+00 8.505116700619541614e-03
1.308622190831569831e+00 7.558744661170653870e-03
1.318657146833448479e+00 8.989762341301013593e-03
1.328701751607728188e+00 8.588567036826430870e-03
1.339521481835392880e+00 7.208225783480987081e-03
1.352781679358385336e+00 9.008475242912308487e-03
1.365297280217933507e+00 6.953978750821617101e-03
1.371837137101157067e+00 7.819644845780807096e-03
1.382744955185319702e+00 9.801924865071219573e-03
1.397257616659857593e+00 8.216288897322451129e-03
1.408705488221939639e+00 9.400182819467414047e-03
1.424617427824285576e+00 8.694602172494922052e-03
1.433418638431811498e+00 8.049985468602402494e-03
1.446889863840341350e+00 7.888856486843644905e-03
1.455571119242683453e+00 8.211952448652599240e-03
1.468952227004063804e+00 8.316344054196142185e-03
1.479428995828167004e+00 6.828041270570445360e-03
1.490775537029584985e+00 8.272364429446411524e-03
1.501200262919043960e+00 7.862258528575558764e-03
1.513289704280441406e+00 7.662966198320353417e-03
1.528532983832256553e+00 8.508367565343472744e-03
1.538342053627127726e+00 9.002951530490617069e-03
1.550687338785166292e+00 8.669906303208624668e-03
1.567181636149301616e+00 8.908622249999742851e-03
1.577032583640396668e+00 8.493364345205135085e-03
1.586694710737714731e+00 8.815507604420239757e-03
1.596615220962938730e+00 7.909768256675647063e-03
1.608735242126836384e+00 8.278408678615858940e-03
1.618834012144619861e+00 8.182206641851751464e-03
1.633903390242702702e+00 8.456442146385455619e-03
1.647174645938569881e+00 9.379975569925022572e-03
1.660289226279934027e+00 7.504205577462831796e-03
1.670064665188016662e+00 7.730427989187509466e-03
1.681963514942298898e+00 9.406822280164877856e-03
1.688795009655955637e+00 1.075852798605795961e-02
1.700044000235669817e+00 7.845097405858494910e-03
1.709521890154616086e+00 7.907534066098662051e-03
1.721891440027462306e+00 7.929933546634997804e-03
1.738415522884196207e+00 8.924697251999990852e-03
1.747752721751396621e+00 7.391614934860614612e-03
1.759681734308158330e+00 7.696626548561570982e-03
1.770778035484668722e+00 8.206248705603538460e-03
1.782030354539455796e+00 9.084117814503599175e-03
1.795587603089852324e+00 8.581555918867672314e-03
1.811018366473568619e+00 8.116083541327371448e-03
1.821252159953929972e+00 8.008303803553478567e-03
1.832155401941147232e+00 9.036012960005491285e-03
1.844131394483444542e+00 8.471144376602462653e-03
1.861479014397815490e+00 7.950864105574544094e-03
1.873179226690892651e+00 9.435113076295922885e-03
1.886768638626225014e+00 8.860615430052731778e-03
1.900842175064101358e+00 8.785145991486980471e-03
1.910927979174621871e+00 9.001330300335438905e-03
1.925078058244893864e+00 9.926933136743452263e-03
1.936937458999210548e+00 8.417958988858473962e-03
1.949915340023610444e+00 9.799723570299479283e-03
1.961152589691389281e+00 8.287980638656164759e-03
1.971251865029833183e+00 7.851863372887887826e-03
1.986435529723867388e+00 8.157524957397610174e-03
2.008627326846391004e+00 8.221163331005042901e-03
2.017098131585133736e+00 7.391740916605540543e-03
2.029208293398365726e+00 8.965834753955107331e-03
2.042373962078964489e+00 8.953101593914641193e-03
2.055220698946109259e+00 9.105256535166111886e-03
2.070772010135519370e+00 7.517638176692159266e-03
2.082847092047618975e+00 1.154278598461774309e-02
2.091080371204859567e+00 8.957268512492091300e-03
2.108564538991723136e+00 9.092347707914423885e-03
2.115919967574751759e+00 1.107217445880224853e-02
2.131050704117117611e+00 8.639898764618294050e-03
2.144720019168256719e+00 8.553132017974285004e-03
2.159990013453926938e+00 9.827300001332894483e-03
2.177714471661514217e+00 1.114711746990722924e-02
2.185990112460571400e+00 1.855154510919606453e-02
2.195831145027038467e+00 1.004402985075401530e-02
2.216795261092598501e+00 1.198181981976110394e-02
2.227480880547186182e+00 1.124257060168115836e-02
2.245697895374138220e+00 8.923196249107831143e-03
2.263523539532966034e+00 9.840855910838046394e-03
2.278726814930428279e+00 1.180241589791283796e-02
2.301029933341438571e+00 1.190765433473379986e-02
2.313324064953314441e+00 1.052387938849211682e-02
2.328864669522762831e+00 1.048391114541219124e-02
2.335161027540432421e+00 1.034419318348862339e-02
2.351458637601004042e+00 1.197318336975590307e-02
2.371914056619948585e+00 8.936649923745706298e-03
2.383832511366245743e+00 1.156007697898698942e-02
2.402003936806632822e+00 1.012967704766510983e-02
2.412530754498404040e+00 1.069523211692393651e-02
2.432037796265059004e+00 9.598456063677169442e-03
2.444826472788301341e+00 1.005617604723524350e-02
2.456580666187842876e+00 1.065324053039875228e-02
2.475202507580182232e+00 1.021902504196635017e-02
2.489228869279791034e+00 1.202567680601167137e-02
2.513547216759570269e+00 9.804668379005379922e-03
2.522873269700264931e+00 1.118902824398262073e-02
2.542805061854553905e+00 1.188568242702368709e-02
2.556345619197381236e+00 1.036099213410518124e-02
2.567727785675085528e+00 1.325565135887910549e-02
2.578993455833828996e+00 1.040614381957655384e-02
2.595164242710006341e+00 1.339860771627508253e-02
2.615392987769563860e+00 1.240369512125921898e-02
2.633741716383385612e+00 1.325536585794382174e-02
2.647149491223818707e+00 1.186586326303272140e-02
2.663753702423059533e+00 1.140231969397496360e-02
2.688202225797914569e+00 1.254846037943696188e-02
2.704375889567380398e+00 1.351731422213170442e-02
2.720700881376719060e+00 1.283486378541076611e-02
2.738111917848837784e+00 1.261584413033860555e-02
2.751727270531268310e+00 1.623979383503353080e-02
2.770632496944489986e+00 1.162364179649591142e-02
2.787706467929247367e+00 1.653768533314634373e-02
2.812709863051945369e+00 1.930659518291266349e-02
2.839400218478379312e+00 1.350395005729503051e-02
2.859573111644080790e+00 1.712088594306709899e-02
2.882361123760508459e+00 1.596619971670921317e-02
2.900946441698729839e+00 1.534588342191869556e-02
2.921942203019175732e+00 2.204035791863183033e-02
2.945148386842010524e+00 2.306971754994504437e-02
2.962466203067415371e+00 1.506721312637105195e-02
2.991402170912150105e+00 2.043359567742793897e-02
3.015741729173743835e+00 2.464638376170255607e-02
3.040811602167027949e+00 2.683190807797177641e-02
3.073026548833970306e+00 2.206997108203451186e-02
3.097911877524005764e+00 3.811564846045212285e-02
3.131988547357393848e+00 3.056173835975104641e-02
3.183999321133796023e+00 2.835002708471171667e-02
3.245545460720023812e+00 3.755923496857600796e-02
3.266847694964934767e+00 3.842023708308311969e-02
3.344196813026274473e+00 4.947419201220071283e-02
3.450506874506989785e+00 7.197430127224356544e-02
3.627374531495753729e+00 9.221760040361930144e-02
# 
# In this footer, we provide a description on the contents of the
# columns in the file. 
# 
# 0) Energies averaged across different disorder realizations
#    (i-th) eigenlevel averaged across i-th eigenlevels of all
#    realizations.
# 
# 1) Eigenstate IPR values averaged over different disorder realizations
#    in the same manner as energies.
# 
# 
# 
# 
