# 
# This file provides data on averaged eigenstate
# IPR (inverse participation ratio), defined
# for an eigenstate \ksi_lpha as
# 
# ipr_lpha = \sum |c_i^(lpha)|^4
# where c_i^(lpha) are the coefficients of the
# expansio of \ksi_lpha in the computational basis.
# 
# 
# Location of the initial .hdf5 datafile: ./results//qsun_toy_usrdef_random_grain_toy_model/pbc_False_disorder_uniform_ham_type_usrdef/L_9_L_b_3/alpha_0.7 
# 
# System parameters: L_9_L_b_3_pbc_False_disorder_uniform_ham_type_usrdef 
# 
# Module parameters: alpha_0.7 
# 
# 
-3.014890031929069458e+00 1.441334694678772788e-01
-2.965153714691293185e+00 1.254252344780311113e-01
-2.883918325862246501e+00 1.100047117200628061e-01
-2.820824859708332077e+00 1.132653519899774752e-01
-2.768929478642916830e+00 8.672104376521433400e-02
-2.743986031259785019e+00 6.251837213780214730e-02
-2.711801968913328142e+00 5.642747760419510733e-02
-2.676285891474937451e+00 7.676334961743694341e-02
-2.656259485287761457e+00 3.544906311454652792e-02
-2.640816141596854294e+00 4.627956282532832977e-02
-2.617699261275214351e+00 4.003247685110104814e-02
-2.593792209920457559e+00 8.206257422046872585e-02
-2.573146274916950027e+00 4.180546030850914446e-02
-2.544972677924718596e+00 2.792195032684933673e-02
-2.535134885749358524e+00 3.049285411793658390e-02
-2.524342853064192038e+00 3.137487719108215944e-02
-2.503506500296587056e+00 2.810597841949343673e-02
-2.477029824350819087e+00 3.065148456916009373e-02
-2.458204954273306875e+00 2.775830211146960297e-02
-2.430566280466047946e+00 3.436616512381650279e-02
-2.415272357189540475e+00 3.074243185807945533e-02
-2.399123413294588669e+00 4.052263343063304546e-02
-2.379620846274089097e+00 3.424457986196276921e-02
-2.367572700331153079e+00 2.297756280704804296e-02
-2.350086634218239379e+00 2.067401946350853545e-02
-2.329575443073644170e+00 2.568216991373950542e-02
-2.307076193177644896e+00 2.899085611819631619e-02
-2.291288968399447512e+00 3.163892952738769221e-02
-2.281213753046661630e+00 2.653768421646436962e-02
-2.261180222891429281e+00 2.472145468099716872e-02
-2.250315601488979134e+00 3.242333740511614548e-02
-2.230310725384871517e+00 2.107476675057950305e-02
-2.216523682798275718e+00 2.097928545072316742e-02
-2.197852724136100111e+00 3.885267938023055645e-02
-2.182135924697110152e+00 2.462355322778102956e-02
-2.165894122564380186e+00 2.435764286398148237e-02
-2.148231714957589578e+00 2.091155327565475536e-02
-2.139708613144881255e+00 1.834265280420580360e-02
-2.129036633235317222e+00 1.360374184805168175e-02
-2.110967103456702798e+00 1.755892184328928726e-02
-2.103495565291166436e+00 2.631225780761504637e-02
-2.089974175803204215e+00 2.134028274033885481e-02
-2.071936788980744293e+00 1.779152213797904197e-02
-2.058662483678047828e+00 1.757229281853662367e-02
-2.051982902451032764e+00 2.328481436614687067e-02
-2.035189915495954072e+00 1.585522045618490555e-02
-2.020372800666136115e+00 1.578641608353472184e-02
-2.006630800285003513e+00 1.835811224673556535e-02
-1.996146711453091527e+00 1.270101514358111527e-02
-1.987097269330278859e+00 1.452365999347014422e-02
-1.975550774114934072e+00 1.502028781763400413e-02
-1.963083391904663744e+00 1.924895026529308689e-02
-1.953103370228694402e+00 1.299610230409515253e-02
-1.941473219997671196e+00 1.211091989955776112e-02
-1.925414451521216153e+00 1.378830066134214064e-02
-1.916751668934264075e+00 1.708034437089188742e-02
-1.907027587724463569e+00 1.467242914688111390e-02
-1.895551553572178971e+00 1.043232606815703949e-02
-1.882282281553935288e+00 1.431453468248546426e-02
-1.872620092548273885e+00 1.865587571102708328e-02
-1.864890204072852997e+00 1.821335090508623827e-02
-1.855129321635119011e+00 1.415070377745138164e-02
-1.841390128170419249e+00 1.649410139350228691e-02
-1.829492229826415350e+00 1.810590024261659811e-02
-1.815907405411029796e+00 1.571523497373529532e-02
-1.808352389156679063e+00 1.647952470487244053e-02
-1.794050784796310083e+00 2.425969814041451650e-02
-1.782434105501119248e+00 1.493892125691833814e-02
-1.772564588513114270e+00 1.831014869626679947e-02
-1.758171980781430666e+00 1.560115963851066087e-02
-1.745736677052574182e+00 1.400201667184967393e-02
-1.736947664846097084e+00 1.868503413785890799e-02
-1.720620923745830977e+00 2.028259215258165077e-02
-1.714656372789269412e+00 2.324030306829692749e-02
-1.699463988248381074e+00 2.187680200856870205e-02
-1.693980056836905890e+00 1.291532743792397041e-02
-1.684595747092544116e+00 1.343809297906623998e-02
-1.674280183387188758e+00 1.505014060801748189e-02
-1.663990596329476546e+00 1.425924516297290626e-02
-1.652222148150596315e+00 1.334056594084468729e-02
-1.639389793689211006e+00 1.475485256839462710e-02
-1.632500061605871577e+00 1.197138150342730821e-02
-1.622341377180896771e+00 1.445418842166235583e-02
-1.614829337927524033e+00 1.147282819974237457e-02
-1.596498458773230489e+00 1.453634661829072451e-02
-1.588548702481478614e+00 1.225375121314965267e-02
-1.576715802156842372e+00 1.218351494529099598e-02
-1.565384267758635817e+00 1.241598708273463844e-02
-1.558717189702900408e+00 1.504425251939917052e-02
-1.546973754388985212e+00 1.142828947862552236e-02
-1.533253773197303493e+00 1.238271248158388620e-02
-1.522486146767305870e+00 1.143974393610100102e-02
-1.513288784561642952e+00 1.171606423185377402e-02
-1.501321972645846881e+00 1.089656178958480458e-02
-1.493383872371669696e+00 1.328273313140959644e-02
-1.480251318157817852e+00 1.357606311957120816e-02
-1.470250336470710462e+00 1.203738258718821744e-02
-1.461470932215380047e+00 1.586150937227683716e-02
-1.450708887934019087e+00 1.301262442099153892e-02
-1.438915533000035385e+00 1.200999889193983886e-02
-1.430632869358239079e+00 1.186546708582602618e-02
-1.420699980822022646e+00 1.219506728913428463e-02
-1.411033198584833004e+00 1.111334441830483591e-02
-1.399874659359846785e+00 1.171312938387939796e-02
-1.392757492559740129e+00 1.208465008009253043e-02
-1.385767455343432708e+00 1.052722161225569213e-02
-1.374423869279649324e+00 1.254080718049420048e-02
-1.365144258793617116e+00 1.064842812864584196e-02
-1.350736163149607760e+00 1.010156716912794482e-02
-1.344173445413455514e+00 1.796223943534783901e-02
-1.334887423116064564e+00 1.321763324748213494e-02
-1.327316509580300785e+00 1.406739638516729674e-02
-1.313089081753957998e+00 1.312167701637074156e-02
-1.301803794793174429e+00 1.131198554477498217e-02
-1.289770265318277875e+00 1.045221507422032167e-02
-1.283322716419519116e+00 1.140031613453788492e-02
-1.271834610162660306e+00 9.460039205832748363e-03
-1.263977619150691512e+00 9.601388550102783401e-03
-1.257846271514407421e+00 1.239489254611545431e-02
-1.250116576794197076e+00 1.465543605726065367e-02
-1.239348035942836379e+00 9.957887554380611198e-03
-1.226821291168746386e+00 1.125820256112568772e-02
-1.218657948453249373e+00 1.081078543287363261e-02
-1.209747441744863039e+00 1.573254483336179732e-02
-1.197479293412549772e+00 1.444454789492794801e-02
-1.190147311999336655e+00 1.249207065668051647e-02
-1.174582933038655463e+00 1.162446598628029404e-02
-1.162768521398321875e+00 1.143777347725001038e-02
-1.150850898073494166e+00 1.107292106744238794e-02
-1.142095907956430567e+00 1.074547617003959905e-02
-1.133339749582593647e+00 1.182482435590209366e-02
-1.125804903363204046e+00 1.026295982771287946e-02
-1.119819840527837673e+00 1.086241400360689856e-02
-1.110214874773087113e+00 1.229742841122266964e-02
-1.100916829218500537e+00 1.106190850595987693e-02
-1.087360655463194492e+00 1.170042364466183059e-02
-1.079716633260370928e+00 9.546352142610830399e-03
-1.071120712655170504e+00 1.257186056209756188e-02
-1.061463167801609764e+00 1.198552592019052655e-02
-1.048071303288979017e+00 1.218014826097160719e-02
-1.038986477967314581e+00 1.162347318036298718e-02
-1.028201686437795415e+00 1.217667637803484908e-02
-1.021456713837778363e+00 1.208595270814578210e-02
-1.010037716935920482e+00 1.118536239950688668e-02
-1.000264505542644011e+00 1.257324032936278993e-02
-9.886953221600265351e-01 1.114052027855876904e-02
-9.807338577118100975e-01 9.597925309404998356e-03
-9.708949472318639806e-01 1.278219728499560039e-02
-9.618726677705600192e-01 1.051839192984999408e-02
-9.501265404910940182e-01 1.241662705557354356e-02
-9.405918736581234674e-01 1.157779581806607158e-02
-9.322044526619661653e-01 1.060862819829619386e-02
-9.207131212302798184e-01 1.272024592278942282e-02
-9.113407524330277010e-01 1.221816115067834128e-02
-8.988842059568689091e-01 1.363387478441504229e-02
-8.911002828426726197e-01 1.004096800682055535e-02
-8.844739062092035198e-01 1.249883708541011523e-02
-8.739097201780315904e-01 1.207643755330456078e-02
-8.672769843512373455e-01 1.095819495243534683e-02
-8.573475352922838022e-01 1.547914961105434709e-02
-8.511636239656965586e-01 1.016177388305714545e-02
-8.400576956580518839e-01 1.091388096273486659e-02
-8.319500862216535619e-01 1.019096369503306836e-02
-8.213249744148145570e-01 1.084601962566803142e-02
-8.130500382528106362e-01 1.266898015864242021e-02
-8.058684155275888106e-01 9.804702184476037086e-03
-7.926555160605983641e-01 8.614134841802789655e-03
-7.853559844568984705e-01 1.181356400727085788e-02
-7.779797531235371766e-01 8.938418184402418740e-03
-7.680319589208370878e-01 1.297076264221365405e-02
-7.602586535370009502e-01 1.320998917562532168e-02
-7.514605359039023824e-01 9.939302764643784607e-03
-7.422853180566366671e-01 1.101467930975752636e-02
-7.327909909138813349e-01 9.758707820837170949e-03
-7.244833114931412688e-01 9.427160385127066056e-03
-7.136932131347240027e-01 1.107305262265441057e-02
-7.032054854639986363e-01 1.041114569361379326e-02
-6.962386892111646075e-01 1.418960481034318641e-02
-6.882970927932572369e-01 2.560004973613725851e-02
-6.724762712390284225e-01 1.090893664507435953e-02
-6.651075827714292288e-01 1.157885792301129556e-02
-6.569106842912834088e-01 1.255891720760990427e-02
-6.458398827464848502e-01 1.434073695383432899e-02
-6.387411295630966990e-01 9.830973780927971389e-03
-6.256774022332551866e-01 1.059275381870730670e-02
-6.160708016090525874e-01 1.340490141557432700e-02
-6.087137764503690596e-01 1.324390001860114609e-02
-6.024749315836346319e-01 1.352029358866806662e-02
-5.877127380963949044e-01 1.163421927444037787e-02
-5.801638541523730375e-01 1.196351956098501076e-02
-5.725796591562059001e-01 1.022900600649614272e-02
-5.633096703171809327e-01 1.099647067031817027e-02
-5.582064652741388633e-01 1.308423896741007716e-02
-5.491882147335136466e-01 1.225005139179511857e-02
-5.388305433477114104e-01 1.152798922322723421e-02
-5.307052756323666909e-01 1.159654270502118688e-02
-5.225664936059483123e-01 1.093033092064343501e-02
-5.172681777018960370e-01 1.192534296762976301e-02
-5.065265519830259855e-01 1.182245628757272807e-02
-4.990415244805099237e-01 1.333685488122803020e-02
-4.898551362261762132e-01 9.640969320380929353e-03
-4.784163394546830927e-01 1.183142014902571412e-02
-4.717028589733949784e-01 1.108093717092860711e-02
-4.591290440665687922e-01 1.022062485223412288e-02
-4.532636885096662516e-01 1.196724629878464022e-02
-4.443865378251142806e-01 1.025744922191273480e-02
-4.383849224677818235e-01 1.046487970782480383e-02
-4.267533947024308993e-01 1.023342588080667151e-02
-4.196494078892397117e-01 1.241304883682508783e-02
-4.060967180632230611e-01 1.174479555936757194e-02
-3.984022601998197799e-01 9.037478845607795422e-03
-3.914136558221898987e-01 1.348156475369861017e-02
-3.865007007977531717e-01 9.052205816309621261e-03
-3.766221908008895447e-01 9.686644282406056336e-03
-3.641829784465587250e-01 9.940411794229050274e-03
-3.509752276797687975e-01 1.022255211883754678e-02
-3.430458002268302886e-01 1.060679241177048086e-02
-3.304448360435597865e-01 8.967043729644677205e-03
-3.231033628853363093e-01 1.112607340335416625e-02
-3.138178321843134166e-01 9.962671522016004408e-03
-3.032382722045686707e-01 1.356986636769417706e-02
-2.965312288716367983e-01 1.066172800877861725e-02
-2.872332810194668795e-01 1.161148285085348425e-02
-2.802664939343136874e-01 1.243246802773058206e-02
-2.721153808113110917e-01 1.323516545530857569e-02
-2.599805846434218859e-01 1.248865769583421166e-02
-2.489906637566279834e-01 9.659924798319983325e-03
-2.411892385342197520e-01 1.021038238340729078e-02
-2.345878865582346484e-01 1.079398106824271467e-02
-2.255092241704453604e-01 1.020466615051549356e-02
-2.145451846105213833e-01 1.182294963790736855e-02
-2.087315567324559140e-01 1.104231258360072535e-02
-2.031836873690179013e-01 9.721526007804955766e-03
-1.871209698723552139e-01 1.083169302785520240e-02
-1.766666094425001776e-01 9.445094729243538184e-03
-1.670681774010251419e-01 1.119382083443709250e-02
-1.580273679207509496e-01 1.095626589746400217e-02
-1.483570454014991324e-01 1.025186030711451070e-02
-1.364781831322016692e-01 8.602264114062545958e-03
-1.311908055566247122e-01 1.147444050983013539e-02
-1.218724615906372072e-01 1.222398254044277863e-02
-1.153770166463791436e-01 9.373983281320264621e-03
-1.059816016142046680e-01 9.722145777844179437e-03
-9.295762325917936164e-02 1.165255212452793142e-02
-8.798359594562889241e-02 1.180377204136406032e-02
-7.985621743549860263e-02 1.026053641607893412e-02
-7.113530832980394236e-02 1.015442695002409350e-02
-5.951221371212469385e-02 1.423979611550203229e-02
-5.288231899756316856e-02 1.095794355977164868e-02
-4.172686858497378498e-02 1.211955062298546680e-02
-3.362622245386071018e-02 1.201650697805467169e-02
-2.822893507627904225e-02 1.105203544133843627e-02
-2.056165801087921421e-02 9.749287045387175499e-03
-1.158383013085986270e-02 8.483531869512922485e-03
7.407694186889537957e-04 1.054470581347262924e-02
7.195637891802228805e-03 1.138802352231808521e-02
1.214977042303399743e-02 1.109907006925311621e-02
2.260160410605962372e-02 1.291339339706087073e-02
3.102341424431207667e-02 1.013587994129016255e-02
4.080020254569501070e-02 9.977417256493637671e-03
4.779229655587062531e-02 1.283513583153318705e-02
5.819453775490499720e-02 9.475970017780718097e-03
6.342249769139476911e-02 1.023191106621238258e-02
7.194144720681787397e-02 9.889963937469454375e-03
8.427351965759806440e-02 9.801710164032011868e-03
9.216791439875367253e-02 1.080912024673224593e-02
9.865336767968199694e-02 8.446155595164444099e-03
1.069492777706115838e-01 9.576120253576412070e-03
1.141477493782145081e-01 1.161964782209662199e-02
1.219379795844059977e-01 9.730568549521459790e-03
1.301253400522814907e-01 1.054636435274999319e-02
1.394493047021680421e-01 8.427137396424085741e-03
1.452556822546216542e-01 1.070421263575915827e-02
1.537385975456194431e-01 1.073084621207439845e-02
1.640747896461693389e-01 9.883254236125517747e-03
1.704816241342181904e-01 1.337466675434715278e-02
1.786708786856546771e-01 1.138363844469364623e-02
1.883965325753384212e-01 1.033587670314823313e-02
1.942942833805784419e-01 9.980615167373075441e-03
1.990779947425209140e-01 1.015017912783770446e-02
2.056665593950857962e-01 1.162643863681180403e-02
2.151882139447033049e-01 1.057627234316641310e-02
2.256024954855610498e-01 9.067184022558304884e-03
2.338338416777293038e-01 1.015975312925107045e-02
2.421409508223180684e-01 1.088876421356417719e-02
2.548203938468130980e-01 8.619155296578534173e-03
2.632157128357578424e-01 1.015853188199053111e-02
2.700600577216218379e-01 1.006086228225332689e-02
2.768348264347406662e-01 9.409433300178631984e-03
2.871204164189649077e-01 1.005098265004014495e-02
2.955891338928656187e-01 1.326447588263931533e-02
3.086356368925538551e-01 9.526577342158542433e-03
3.161518061683863401e-01 9.941358747943558616e-03
3.265745679674015856e-01 9.498807299512562058e-03
3.367272605473702329e-01 9.171696145814169782e-03
3.449013224072759454e-01 1.206272736387657349e-02
3.549954061364434810e-01 1.050927072730868141e-02
3.658363196202579770e-01 1.127855690716691485e-02
3.755613604609406853e-01 1.034766058712060718e-02
3.821538940776402771e-01 1.045957654149062659e-02
3.922469986743369330e-01 8.967021078991433553e-03
3.985216923619662732e-01 1.244596615080780129e-02
4.100120876167559492e-01 8.963189557710341329e-03
4.150640740238323301e-01 9.167712617314447560e-03
4.255142526560433680e-01 1.003914456403763589e-02
4.343600045897019202e-01 8.495107751632513179e-03
4.416196607473698021e-01 1.257529408204501563e-02
4.523366627295166142e-01 1.001856716832932870e-02
4.602105603147587654e-01 1.343400210247620852e-02
4.698683585598666390e-01 1.260648414662472738e-02
4.801966464665566869e-01 1.211391570138302745e-02
4.875229602488604930e-01 1.256834580697091183e-02
4.958171345443478373e-01 9.804133496484655069e-03
5.068969103069692617e-01 1.002231193230721309e-02
5.138013706557980065e-01 9.963013631417185628e-03
5.204052254071168671e-01 9.208740947160407378e-03
5.279787994121039052e-01 1.039402336862891782e-02
5.398427756926699184e-01 1.149428560328092166e-02
5.548395616564592014e-01 9.236173186326874368e-03
5.615606171318632267e-01 1.083186622484286904e-02
5.723362994882377208e-01 1.051790152795837804e-02
5.778182451286145715e-01 1.391315286547388508e-02
5.868686261424477246e-01 1.089196525952686005e-02
5.950429175286009453e-01 8.870194088052762646e-03
5.995592278944824605e-01 1.034379756591450629e-02
6.108658314055397387e-01 1.240679545117056616e-02
6.178973656788204760e-01 1.279203855435554447e-02
6.282084404053761562e-01 1.163844174615773913e-02
6.370359633611976102e-01 9.249155869035737693e-03
6.455901719426092589e-01 9.287445880409434668e-03
6.513594320365038159e-01 1.329083683272426833e-02
6.625337162643457622e-01 1.434018934776227702e-02
6.684387770411732710e-01 9.619089143996960994e-03
6.742030246227380674e-01 1.040474223948502537e-02
6.802539335478341442e-01 1.088125584908093690e-02
6.890717393021217330e-01 9.909588625844418380e-03
7.025754149652245761e-01 1.013800150742040843e-02
7.087752452226900868e-01 1.464636771436592447e-02
7.158577793759987040e-01 1.223286582462350738e-02
7.249188573695058979e-01 1.094848850462195287e-02
7.354071736522043157e-01 9.884067231726970798e-03
7.433954787921186469e-01 1.651569003910413613e-02
7.548255117314447427e-01 1.152420894855918712e-02
7.667196723394632540e-01 1.267460927018759266e-02
7.771148740882253270e-01 1.162086372872924746e-02
7.841186778153125259e-01 1.052878267847847868e-02
7.954956379811221057e-01 1.376051094402619066e-02
8.080798866142224757e-01 9.287147919751551767e-03
8.176199676852018428e-01 1.130089995638265329e-02
8.231526333150107622e-01 1.187376843528873890e-02
8.314498941331681658e-01 1.098601810413757374e-02
8.406449741650853236e-01 1.174529677194026053e-02
8.502984696287988475e-01 1.063723766941205434e-02
8.594830320682078639e-01 1.241702889735554240e-02
8.697312136452330922e-01 1.060078540435130043e-02
8.796964604185770753e-01 1.483914810555667617e-02
8.898221362667235734e-01 1.135796259615188229e-02
8.996525281044501776e-01 1.191446627065996522e-02
9.060802365298956662e-01 1.134520247083813799e-02
9.173271194711889454e-01 9.264935560273756393e-03
9.266373448742513119e-01 1.332500255944460421e-02
9.345136908284732424e-01 1.257390830287584936e-02
9.437544809303540783e-01 1.091079614375277049e-02
9.554205890773073140e-01 9.642078138682357372e-03
9.598492614548771451e-01 9.655697396542097313e-03
9.667805665232040990e-01 1.013261832717289070e-02
9.813458066332618746e-01 1.031547441282936947e-02
9.906564377095783414e-01 1.271073653505288767e-02
9.994605407816002929e-01 1.038401994582154389e-02
1.010439624973440420e+00 9.512613902407363736e-03
1.018891232116019951e+00 1.074769902861316510e-02
1.025303043597084685e+00 1.262438563180823606e-02
1.035305073610712556e+00 1.172400549626891920e-02
1.043431655078872700e+00 1.209973959597197835e-02
1.054227006058266580e+00 1.609741511305397624e-02
1.066559422798077028e+00 1.256665317786203120e-02
1.078761588513719616e+00 1.263840705412803619e-02
1.089289058671959465e+00 1.138192319391229113e-02
1.100321067145760612e+00 1.253497247918043157e-02
1.110560448766019448e+00 1.054273972814416885e-02
1.117082958668292658e+00 1.292754202296672594e-02
1.125323319362739438e+00 1.148531119704618644e-02
1.136952101747449317e+00 9.936664031400348901e-03
1.149496963252772064e+00 1.406985608420236247e-02
1.156807371788352690e+00 1.372751429949187196e-02
1.170396648091048375e+00 1.243051072864335450e-02
1.179154237846303799e+00 1.287066541824867863e-02
1.189174361118067624e+00 1.555918279969011053e-02
1.198519354173641194e+00 1.179885851699517298e-02
1.209170294849987615e+00 1.373898089635637067e-02
1.220900487623692188e+00 1.194168209187074052e-02
1.234284321970023468e+00 1.183075882857796343e-02
1.241855211176433826e+00 1.355497013668106876e-02
1.252418076792146451e+00 1.030976292097193769e-02
1.261812749226328689e+00 1.343242389673808199e-02
1.273424502967354544e+00 1.226463929281351381e-02
1.281428241805950163e+00 1.179335849389075153e-02
1.291421292998490511e+00 1.449284839041902438e-02
1.300262426630909518e+00 1.057516327559035810e-02
1.309352741384607111e+00 1.284835279469917838e-02
1.317146819478886455e+00 1.432667551957724807e-02
1.332031226273821201e+00 1.258721369052664962e-02
1.343376667105098843e+00 1.203315688259841074e-02
1.351677272427413756e+00 1.169061213379845275e-02
1.366809418407789023e+00 1.309993423700151448e-02
1.374115143098405767e+00 1.311832145908410976e-02
1.383275436330398289e+00 1.021109323540452148e-02
1.391049631230486083e+00 1.218351648235252785e-02
1.403231910868603105e+00 1.374822139922254882e-02
1.416975340576611453e+00 1.694262117893524308e-02
1.427890369791889658e+00 1.341274072678219631e-02
1.445656371709944876e+00 1.545202462671668199e-02
1.457323348073601865e+00 1.286215734496154450e-02
1.468533401062867672e+00 1.428371707696570424e-02
1.478302058477493519e+00 1.487582630747343385e-02
1.488544911243044222e+00 1.411773576695419738e-02
1.504830015292796030e+00 1.831546272854501015e-02
1.508726837008309341e+00 1.267840464912473562e-02
1.516762736700868031e+00 1.271764293193823614e-02
1.534077506460388651e+00 1.392188972704883586e-02
1.541749760536979208e+00 1.362609515341707198e-02
1.551181051587641635e+00 1.288065411290022742e-02
1.559919974140864030e+00 1.754508610735557722e-02
1.571709772000192018e+00 1.500870744571164428e-02
1.586265900833765841e+00 1.214167971983231079e-02
1.597513409206254398e+00 1.151714427090154771e-02
1.607068484336872771e+00 1.441471743638759496e-02
1.616375621370510940e+00 1.579617210394358359e-02
1.626619501685086178e+00 1.334906434025156553e-02
1.633670372098253720e+00 1.299960470826277449e-02
1.644713848638949205e+00 1.388339017608758441e-02
1.652464273299284470e+00 1.337397110701497513e-02
1.664473778453003261e+00 1.160273974227218376e-02
1.676644082199019392e+00 1.263619376111651746e-02
1.686609617107221126e+00 1.611961395321686447e-02
1.692933084125171295e+00 1.634500461709432334e-02
1.702419001343924432e+00 1.665947561609943881e-02
1.722187327677326296e+00 1.514361167866248338e-02
1.735047236203342225e+00 1.690111874551119414e-02
1.746545296668919889e+00 1.953857211865210261e-02
1.758718610620950695e+00 1.781589667957121995e-02
1.766384555239605136e+00 1.860052287655293221e-02
1.777961671155168233e+00 1.424920308607923423e-02
1.788745694437035239e+00 1.374028390055546597e-02
1.802796152828693099e+00 1.470455584459621177e-02
1.812239239744887653e+00 1.526718999633780785e-02
1.820231219612162832e+00 1.813615155323720224e-02
1.838740489205781259e+00 1.229210761889034526e-02
1.845724654842318513e+00 2.211034277857679142e-02
1.858327300121826342e+00 1.409090004604976118e-02
1.869962505914648521e+00 1.845968637923296046e-02
1.878967892059123512e+00 1.623268896774165276e-02
1.893515104324276610e+00 1.343751100008340124e-02
1.905741980278375269e+00 1.556869186334652530e-02
1.916519601866730538e+00 1.734404271540293876e-02
1.931116778015027791e+00 2.177818420309787784e-02
1.940512803274728526e+00 2.120624679255551231e-02
1.952488031580830397e+00 1.759863835822913364e-02
1.968329007991349355e+00 1.657892546997666999e-02
1.986280203285054613e+00 1.990156802846957187e-02
1.997394660386770493e+00 1.437342270157545600e-02
2.002805511196460664e+00 2.589705387439329015e-02
2.017964289232029973e+00 1.601824687533228569e-02
2.027915101153884514e+00 2.188697435077312931e-02
2.036181875596873248e+00 1.956468634252241448e-02
2.050246606795648852e+00 1.964595005064702013e-02
2.061048669074393658e+00 1.477597618646660574e-02
2.079565145571552698e+00 1.833329547295402956e-02
2.095078245802990402e+00 1.543497578377868093e-02
2.104092402991986965e+00 1.235104337216779216e-02
2.116305553004652396e+00 1.609257749665120654e-02
2.126315907569189978e+00 1.931132208620899710e-02
2.141451700168897077e+00 1.789837754343050549e-02
2.152895658754795161e+00 2.062394691683397396e-02
2.170380815368948113e+00 2.042088650434056504e-02
2.185396161857483754e+00 2.040930358648918724e-02
2.195216077284770861e+00 2.140840000603890306e-02
2.210098424447754617e+00 2.570638285810870199e-02
2.223436390674939478e+00 3.436120011040856570e-02
2.235776762426515685e+00 1.974807768511678205e-02
2.253509935124450969e+00 2.450477717760500204e-02
2.275324248104506175e+00 2.690982208141108958e-02
2.290299644596883066e+00 2.043055311318172501e-02
2.305621197650259191e+00 1.752114034539117154e-02
2.314759094254462912e+00 2.771904263106739902e-02
2.330415203082418785e+00 1.865922692516185089e-02
2.349756504156558456e+00 2.192456889861555888e-02
2.364116595953564381e+00 2.612359708041436107e-02
2.378169075819251965e+00 2.721459254018623181e-02
2.389571236256196496e+00 2.421388362409739731e-02
2.411197994426154345e+00 2.706993806165736843e-02
2.429649327675443615e+00 3.492434017031727927e-02
2.442161871206594448e+00 3.105044740522184751e-02
2.457864229047898696e+00 3.512417458691690503e-02
2.477886268138735471e+00 2.728401311865061990e-02
2.490563701127255225e+00 3.162173742829881701e-02
2.505069036933334381e+00 2.962513869877660827e-02
2.533285693694866669e+00 3.994162620985890200e-02
2.549473305238729282e+00 3.114302358513913044e-02
2.586033764896173981e+00 3.375811794045470438e-02
2.621929778350535756e+00 5.950667034922870607e-02
2.645101991215366155e+00 5.127923722357822373e-02
2.661953904971496865e+00 4.025148019888881434e-02
2.683530410327577886e+00 3.755418588873560282e-02
2.699839252903663667e+00 4.182045583943627687e-02
2.723809969058048175e+00 5.899171460461801603e-02
2.750700293526355367e+00 6.503982887806494806e-02
2.811737819920293813e+00 7.544939733445009400e-02
2.860535635997286441e+00 8.844265257242381328e-02
2.914408760258543118e+00 1.116378578086833634e-01
2.956798450525256694e+00 1.370491531204769131e-01
3.038318083692268967e+00 1.642090486232229973e-01
# 
# In this footer, we provide a description on the contents of the
# columns in the file. 
# 
# 0) Energies averaged across different disorder realizations
#    (i-th) eigenlevel averaged across i-th eigenlevels of all
#    realizations.
# 
# 1) Eigenstate IPR values averaged over different disorder realizations
#    in the same manner as energies.
# 
# 
# 
# 
