# 
# This file provides data on averaged eigenstate
# IPR (inverse participation ratio), defined
# for an eigenstate \ksi_lpha as
# 
# ipr_lpha = \sum |c_i^(lpha)|^4
# where c_i^(lpha) are the coefficients of the
# expansio of \ksi_lpha in the computational basis.
# 
# 
# Location of the initial .hdf5 datafile: ./results//qsun_toy_usrdef_random_grain_toy_model/pbc_False_disorder_uniform_ham_type_usrdef/L_9_L_b_3/alpha_0.5 
# 
# System parameters: L_9_L_b_3_pbc_False_disorder_uniform_ham_type_usrdef 
# 
# Module parameters: alpha_0.5 
# 
# 
-2.762767410017684000e+00 2.266484488821105536e-01
-2.644994762414596856e+00 2.409664354911031370e-01
-2.515624170550057936e+00 2.319345039473220405e-01
-2.490524810969239944e+00 2.250500907120060456e-01
-2.424986922749195806e+00 2.783769340567409101e-01
-2.353410492785266150e+00 1.202829913148185936e-01
-2.318841556894756017e+00 1.354360296689048060e-01
-2.294624789577596857e+00 2.152297181380427027e-01
-2.255832694879425837e+00 1.171265657845584202e-01
-2.230152229872262026e+00 1.362629300284776412e-01
-2.209219217426450221e+00 1.010522285579431301e-01
-2.163884012646458022e+00 1.816430903835719035e-01
-2.142494008114366633e+00 1.768996431376653189e-01
-2.125603281309108361e+00 1.213739254246992694e-01
-2.115746223272118698e+00 1.827816284580895678e-01
-2.101744835207495221e+00 1.575781709619848703e-01
-2.076217624853232468e+00 1.028573402940357734e-01
-2.061854707687234889e+00 1.374591112506570734e-01
-2.049281698198013313e+00 1.347395060634066499e-01
-2.031915314792053451e+00 1.036693130835340815e-01
-2.022636437541375010e+00 7.070424175967979230e-02
-2.014798238490142168e+00 1.039115274400377736e-01
-1.993718000432345150e+00 9.044343982306232710e-02
-1.978014906121786209e+00 9.068956869597537274e-02
-1.961429078233363654e+00 7.767161381240403339e-02
-1.948866553051416872e+00 6.126277927744796375e-02
-1.942934288975584511e+00 1.096668614567443967e-01
-1.926125928919461217e+00 9.588338961102582658e-02
-1.915478867235785199e+00 8.606827184521970153e-02
-1.908760345467426678e+00 5.747325884714046124e-02
-1.890182921672120653e+00 1.250865275729786119e-01
-1.881854197645773663e+00 9.240243489789687348e-02
-1.874430775592720533e+00 1.076872059779303836e-01
-1.852929483640183950e+00 7.804580136945230007e-02
-1.847639130000574115e+00 9.773470000231812560e-02
-1.832290824491310754e+00 6.896170543311755385e-02
-1.805773576214707798e+00 7.620881661326713019e-02
-1.799736808777365527e+00 6.444531244118995028e-02
-1.789999207802850822e+00 7.208467689473523066e-02
-1.781643358815826250e+00 7.475060594172092121e-02
-1.766524648932064512e+00 6.834073303986602788e-02
-1.752303752775441925e+00 1.248117223206518800e-01
-1.742932887159812649e+00 5.120012187951905602e-02
-1.735775439142731358e+00 1.107843378111340316e-01
-1.724256259540803082e+00 1.400798676873903081e-01
-1.709891204235933770e+00 7.481371173082103365e-02
-1.695972232626006715e+00 1.324351231464667156e-01
-1.683949533313980229e+00 8.985794558127241372e-02
-1.677311957658847108e+00 7.653585450147173952e-02
-1.671731738684035573e+00 1.370254320082406052e-01
-1.662531854993961833e+00 9.032112915153792110e-02
-1.634064495812534989e+00 9.212689338792375005e-02
-1.620197901101936511e+00 8.431335359853631140e-02
-1.602695231404793974e+00 9.437091494775066980e-02
-1.589623426208676804e+00 9.158744763137245670e-02
-1.573241922856418729e+00 8.174153409585273311e-02
-1.563585890628548469e+00 8.453738831505679119e-02
-1.549707035701073377e+00 1.042777777308020737e-01
-1.538132447418037341e+00 6.009597729252379172e-02
-1.529290523348344033e+00 1.005432801952512445e-01
-1.519500354941233145e+00 6.662476354747784435e-02
-1.511545579025660668e+00 8.089274575534714795e-02
-1.502148282048638039e+00 6.880943773871764368e-02
-1.490788393764103104e+00 5.340475731217930733e-02
-1.479447122853202456e+00 1.033887504988357520e-01
-1.468214271989531472e+00 5.328449757987613333e-02
-1.462436655974804101e+00 6.044637034307263207e-02
-1.454657769047763338e+00 9.888475345831368446e-02
-1.446621067194170163e+00 6.911078524507371923e-02
-1.440773329150356385e+00 7.953407647713472972e-02
-1.428896170617680150e+00 7.954126875583540646e-02
-1.423581438315215664e+00 5.502717571479721903e-02
-1.418217058095063932e+00 7.065570134664651836e-02
-1.399518443186998695e+00 5.649155796332835239e-02
-1.390464810893787817e+00 6.312677243376826897e-02
-1.378556291871649631e+00 3.841167455518930407e-02
-1.371903511632720507e+00 6.316491275758673307e-02
-1.363337294072896055e+00 5.846342452086570468e-02
-1.354348724459444542e+00 5.229115967971888906e-02
-1.344298865244016428e+00 1.042931760430954313e-01
-1.333609525429671816e+00 5.240992790853695599e-02
-1.326436448364594067e+00 8.197202260581448741e-02
-1.318857547639187278e+00 4.298708544745234728e-02
-1.311767761563306767e+00 6.541753766128373393e-02
-1.305232261779470937e+00 4.454450727442117730e-02
-1.299858359942356767e+00 7.181995021253587130e-02
-1.290300129830293185e+00 5.063321984987567692e-02
-1.278293461446610380e+00 6.415483448812366041e-02
-1.268852741884839208e+00 5.275477463840246017e-02
-1.258888379911577537e+00 1.131955792952818174e-01
-1.247859185505433954e+00 8.505846215785203834e-02
-1.240254240713834388e+00 5.727718244287272054e-02
-1.232697378609934002e+00 4.890747519077161959e-02
-1.219399225155997524e+00 7.154606774494270960e-02
-1.210565600293447730e+00 4.245810243953239416e-02
-1.205327023400648567e+00 6.153524098360182298e-02
-1.196878649012656171e+00 5.810166466831025167e-02
-1.193525979631316014e+00 4.971527580583582490e-02
-1.182159760285440786e+00 3.789237434152585571e-02
-1.174961347038454118e+00 5.389696191404521469e-02
-1.166583878574523503e+00 5.855488216844179084e-02
-1.161091175908445461e+00 4.068752762970528902e-02
-1.154662210603093708e+00 6.731802758962968092e-02
-1.151231046479562981e+00 3.866191482695709170e-02
-1.144332322745734265e+00 4.533564808120478518e-02
-1.130477605359451854e+00 7.422345860783359506e-02
-1.122916231478894078e+00 6.275468265253743294e-02
-1.117413126899373887e+00 4.997911158223435069e-02
-1.108302020780897568e+00 7.462153353939968148e-02
-1.100997118059124036e+00 5.396591127655472192e-02
-1.091708847575608932e+00 4.898435601937462663e-02
-1.084065015816115363e+00 4.487924856989856937e-02
-1.078911485181051733e+00 5.214948387633591004e-02
-1.068953830689642226e+00 5.245537750024821533e-02
-1.060971608083299156e+00 6.249083854514424219e-02
-1.051006343128872089e+00 4.282436829075220164e-02
-1.043205195163922738e+00 3.796589242655910856e-02
-1.034906934670116074e+00 4.540209774867757370e-02
-1.026147482119925458e+00 7.723137063090208809e-02
-1.019541829795123089e+00 6.212806315468778762e-02
-1.009033493407500925e+00 5.518344269018633785e-02
-1.003303131954583538e+00 4.597294406475119916e-02
-9.992979106267328993e-01 4.656540325539498815e-02
-9.950957656969465770e-01 6.785988044346688564e-02
-9.868731139063783298e-01 4.375699321889494481e-02
-9.770178377226569344e-01 4.713223434181617461e-02
-9.660434803925559422e-01 6.427994783224036390e-02
-9.523059114015943738e-01 6.572336399774413029e-02
-9.459621609126450670e-01 5.562199812969306073e-02
-9.386488263405261545e-01 6.868409679324358197e-02
-9.300409616695357595e-01 5.435557968606783558e-02
-9.236069506285080610e-01 4.331969165408190714e-02
-9.142540579022305769e-01 7.279705462406160787e-02
-9.106023908881096807e-01 5.144330906294506539e-02
-9.021765626676028216e-01 5.866691130008122590e-02
-8.958679962129935115e-01 3.954104617224683815e-02
-8.912836642621787542e-01 5.298041660303533240e-02
-8.859315407285155430e-01 4.055113401414050384e-02
-8.780760646412237858e-01 3.991454304134785247e-02
-8.673147622876781204e-01 5.219434297432327952e-02
-8.604493445044850697e-01 7.064055139228546387e-02
-8.526616231983252803e-01 6.080814699616303443e-02
-8.492067682757266089e-01 6.853051975520840777e-02
-8.416453920552168233e-01 4.318006117444113390e-02
-8.365548485666216560e-01 6.766257013557344657e-02
-8.271259778295192433e-01 5.257735187863372961e-02
-8.155359124650749525e-01 5.114518480546668966e-02
-8.058852136453629189e-01 5.995512470349525364e-02
-8.008626630450292883e-01 5.623428013589203134e-02
-7.923160057201256157e-01 4.450890842861017493e-02
-7.855166460261886474e-01 4.939518123395515714e-02
-7.809847352082303074e-01 7.064436462386161630e-02
-7.703876755545204791e-01 5.121867856365323185e-02
-7.640971046661746424e-01 5.674306068756220650e-02
-7.565265759907079390e-01 5.038863981207460790e-02
-7.458683626088842278e-01 7.320689306739333602e-02
-7.376583402811297541e-01 5.621543406151202626e-02
-7.290285039651298593e-01 5.824272541608079695e-02
-7.209142089475799597e-01 3.786659401398768943e-02
-7.148952110356758816e-01 3.742484734584764633e-02
-7.022654084121613405e-01 4.106004688537994579e-02
-6.914304229465916274e-01 5.160753972289378044e-02
-6.831894474017810026e-01 4.284262355264790295e-02
-6.722248305340318142e-01 6.196181869378638435e-02
-6.668360594190291257e-01 4.136488973722244472e-02
-6.621921999339731579e-01 4.031451287894733532e-02
-6.543800380803993511e-01 3.751157247431612801e-02
-6.472373762510372774e-01 3.737721226458799728e-02
-6.393392618283919582e-01 4.864664551960323075e-02
-6.337297270775572589e-01 5.585093874699490618e-02
-6.280944166918402960e-01 4.769505328862706783e-02
-6.233909655453379051e-01 5.132860480662839592e-02
-6.146411233211860337e-01 5.155154753213551239e-02
-6.082679536170270129e-01 6.151070639831981296e-02
-6.027520681701575844e-01 6.076162859239712249e-02
-5.940930935230344101e-01 7.572385964172896611e-02
-5.865272576416621364e-01 5.511803851839477270e-02
-5.788459813945158183e-01 6.468307052570745896e-02
-5.724073361778925229e-01 3.801144369985925281e-02
-5.633739844072767067e-01 5.244347229089772050e-02
-5.515630602801577798e-01 5.018761311579424123e-02
-5.442148916259904601e-01 5.959623114164832453e-02
-5.377499876414862934e-01 5.148250486989484204e-02
-5.284922275537156100e-01 7.687277297166210388e-02
-5.247949926462996961e-01 5.101011905989420031e-02
-5.159413021940482125e-01 8.406649526880161094e-02
-5.087485580213446656e-01 6.111965056020472048e-02
-5.043473619242632155e-01 6.256606177471604746e-02
-4.975184919569185515e-01 5.601294586282086485e-02
-4.931122595159695976e-01 4.112086073203492786e-02
-4.792295931885297011e-01 6.486122621825780865e-02
-4.660943486123823587e-01 5.458082075399285638e-02
-4.608073224534221524e-01 5.597250051308808733e-02
-4.544254950082290412e-01 3.949303457255346622e-02
-4.468093302845662640e-01 4.596596878973089467e-02
-4.429975448957342854e-01 4.011204423244588146e-02
-4.353818315305503228e-01 4.707082308213779431e-02
-4.261747227997282894e-01 3.638736137396389458e-02
-4.218556447694737921e-01 4.193946206671482491e-02
-4.163328495209241420e-01 4.188763613782321704e-02
-4.060754811139249409e-01 5.979660156180364311e-02
-4.008612281810594591e-01 5.154550572119951518e-02
-3.943019432126312340e-01 7.192181161448360505e-02
-3.855744700889675580e-01 6.071649012241461113e-02
-3.745192816103491418e-01 5.481771105562464885e-02
-3.622571488850555577e-01 5.408475662755445057e-02
-3.557140148855710837e-01 6.662138321908343819e-02
-3.494585010248992818e-01 4.918453800131778603e-02
-3.440262323000699007e-01 4.039711473039246659e-02
-3.345036065592956742e-01 6.037819149064775626e-02
-3.264682877930952798e-01 5.150363981829728793e-02
-3.182972017319751212e-01 3.617057701789808816e-02
-3.141291379781319670e-01 6.327114366911994192e-02
-3.035755906082935884e-01 5.056570245823525239e-02
-2.991780085440516324e-01 4.649118189799746059e-02
-2.909146369822107059e-01 5.528452440818330815e-02
-2.847194402801737634e-01 5.998084931820694271e-02
-2.785628031336621069e-01 5.865607768422026469e-02
-2.701239483753997139e-01 4.063740605645026205e-02
-2.618890594787133819e-01 4.334242127958572166e-02
-2.519900796506199803e-01 5.444632314236900333e-02
-2.449791457193123134e-01 6.709743677752182112e-02
-2.357928027345289890e-01 4.066611012982612045e-02
-2.303761623724217278e-01 3.656290543304441254e-02
-2.271227804434961528e-01 3.825072268025631050e-02
-2.234762722348115349e-01 6.682037690062415936e-02
-2.155787242723662678e-01 5.878595614589861296e-02
-2.066900401999394177e-01 4.453702590437603331e-02
-1.987100216344042380e-01 4.127013028729167865e-02
-1.922995911094011745e-01 3.262962258256178749e-02
-1.825340481119774039e-01 3.460964963667341465e-02
-1.761487316648329415e-01 8.264451073576298268e-02
-1.700715344991027000e-01 5.217609524898601109e-02
-1.612840987161763551e-01 4.234237541156692791e-02
-1.551042198190749066e-01 4.399304529197240604e-02
-1.488127894633808901e-01 3.923375575937579351e-02
-1.390933268268367551e-01 5.475319029679235477e-02
-1.355652269793306552e-01 4.573829799984246297e-02
-1.312511627553298310e-01 3.645140806366743702e-02
-1.240889151510927435e-01 4.719930792585472212e-02
-1.171074548515763369e-01 4.263210602657202530e-02
-1.082439163710432195e-01 7.435196032649857290e-02
-1.028413015131689201e-01 5.658156635732952688e-02
-9.399147332480652095e-02 3.972450683566507157e-02
-8.854539889542289988e-02 5.768591335969151107e-02
-8.240498390075665092e-02 4.270868410307974983e-02
-7.743643520036816441e-02 4.213259299830356130e-02
-7.168886857321836448e-02 5.017766292062474098e-02
-6.278103177903596177e-02 5.292415046999845302e-02
-5.907906622816959386e-02 4.847530464346296031e-02
-5.351410411451261451e-02 7.025451857049727633e-02
-4.609543882675143367e-02 4.059988723589192522e-02
-3.849403816175706039e-02 5.276311286989267268e-02
-3.142664692242702618e-02 5.387943620170450310e-02
-2.517808969105439498e-02 5.818837959596253467e-02
-1.486447722702033403e-02 5.284554954818392047e-02
-5.563928179058930112e-03 6.082412280762074935e-02
2.852541917530321356e-03 3.684475770957788138e-02
7.075738110904537977e-03 4.192223007866018036e-02
1.500688818363659673e-02 3.629772167322946330e-02
1.850909330081189352e-02 3.248577349395276315e-02
2.460039211360998818e-02 7.212449283763214258e-02
3.078980075936478891e-02 6.476782009313343524e-02
3.749679171436146041e-02 7.634266076020471137e-02
4.680306237662949786e-02 4.345125097697233318e-02
5.238980334502922609e-02 3.628283782627411691e-02
5.858191904861637100e-02 5.158338795969360374e-02
6.477301903345614176e-02 6.554444826844252336e-02
7.131799443556899321e-02 4.972323113482018941e-02
8.191801590504521613e-02 4.378330802861975929e-02
9.071808538767098251e-02 4.740164686822908452e-02
9.679136593713588699e-02 5.221378407006534161e-02
1.062833600597721251e-01 3.025685169478362774e-02
1.137752391724790452e-01 6.076331630354316060e-02
1.198887247824223651e-01 4.656139958765721787e-02
1.254373596938193336e-01 4.213783152056523040e-02
1.357298729685909588e-01 7.327124248518716854e-02
1.420661056457277194e-01 3.974840209574481698e-02
1.457040420527291602e-01 5.000075362153236919e-02
1.561065886659416813e-01 5.767243767865427861e-02
1.643734413518240234e-01 5.674000327220442286e-02
1.772552754651716134e-01 5.419539927952964076e-02
1.837657191724382244e-01 4.180148641744069887e-02
1.901664121979433075e-01 6.829020651479561499e-02
1.977771857951591827e-01 9.489809748412655899e-02
2.051951613460367141e-01 5.500515388620531854e-02
2.095227709733422650e-01 4.489719998523461486e-02
2.123941601602289675e-01 4.774802439034582513e-02
2.278514109139838928e-01 6.367170444470640622e-02
2.389344276954295521e-01 5.643316111078520991e-02
2.520279453144474435e-01 8.009232713598055109e-02
2.585980461357874627e-01 6.560133319964586707e-02
2.668789817485696103e-01 5.300625778020411072e-02
2.732317194826617279e-01 7.300481578992110143e-02
2.785137802879196767e-01 5.027937047677473459e-02
2.898903850152787509e-01 5.406579239028622835e-02
2.995933782797251532e-01 6.422270783588937548e-02
3.037511145158787729e-01 6.010562881737020746e-02
3.174592794899604442e-01 5.923116119131388579e-02
3.274406229174341432e-01 5.099995236127412290e-02
3.350109001183992352e-01 5.591899069841663877e-02
3.421557973310346279e-01 4.467047240668888669e-02
3.512828672500328819e-01 3.881967029773896599e-02
3.603207620896056729e-01 5.083988622417284775e-02
3.671353871935351121e-01 3.862588318580727209e-02
3.747882930767248988e-01 4.831943681944318031e-02
3.824746571237681581e-01 4.777918130772032534e-02
3.894929638401355421e-01 3.733056400080041193e-02
4.002805575253490789e-01 5.072900085579509083e-02
4.029282504166065704e-01 4.937598053065088421e-02
4.124118703847927669e-01 6.228893185450642273e-02
4.211658168819938375e-01 5.871457988316546028e-02
4.313705158898473724e-01 5.397096429888362940e-02
4.382213917439534145e-01 5.688091078644147425e-02
4.463060895197793476e-01 5.347262969857544818e-02
4.545928053601545615e-01 3.546636298856773589e-02
4.635829576205134361e-01 6.330909792010117054e-02
4.696327074548546920e-01 3.573431372437962938e-02
4.803365100642442154e-01 4.546998618757976118e-02
4.883820331287062055e-01 7.793275736253205133e-02
4.975554478987588292e-01 7.567965212294795740e-02
5.030829507727355709e-01 4.901903035205123355e-02
5.114915251568806775e-01 3.752878096886612391e-02
5.178851643985973308e-01 7.580814205808771022e-02
5.232602875140341947e-01 3.672725609668851809e-02
5.302302558808631439e-01 4.766368578653680521e-02
5.338426906789265347e-01 5.458832943405977911e-02
5.425922371666761501e-01 4.668195561645829134e-02
5.462193496663012571e-01 4.576687277570594403e-02
5.542128481317878386e-01 4.615962239186062466e-02
5.627464139815157029e-01 4.791143145272377252e-02
5.713535637514114418e-01 5.894523498774485726e-02
5.803402812907524355e-01 8.373083066196698732e-02
5.885457559827462770e-01 7.165816926698781453e-02
6.045987632201862416e-01 6.367259704843389323e-02
6.114257198513313174e-01 4.696496706292839496e-02
6.157290838014495282e-01 4.801130932112953470e-02
6.232030211492383120e-01 7.378749801295139688e-02
6.302329581868374442e-01 4.966329252463498600e-02
6.365472227814452655e-01 5.217983196818409830e-02
6.403092176162280547e-01 5.758047536888240281e-02
6.452437259303074324e-01 5.666480624373600866e-02
6.562759447068378105e-01 4.807176706187240439e-02
6.619721702699109533e-01 4.261277676310321061e-02
6.713380622387647989e-01 8.119624380246247275e-02
6.801636317368160434e-01 6.722303232380713589e-02
6.904384117518862496e-01 4.820080899505885946e-02
6.972238336708345141e-01 5.054705916274043753e-02
7.094112981193626544e-01 6.268132061350734086e-02
7.146272594534149869e-01 6.160206043817565563e-02
7.217472913092455311e-01 4.473839771755068473e-02
7.281593623629516454e-01 4.839588919173187093e-02
7.375465294926559778e-01 3.986705207475674251e-02
7.438083859821515986e-01 5.222045360880376436e-02
7.512115039958601193e-01 4.581729148469278201e-02
7.582177018805289492e-01 4.545346563452261346e-02
7.642363598846790840e-01 3.713745260440406981e-02
7.737688477591213587e-01 5.653678299806110669e-02
7.842732668442072841e-01 6.127347155981590493e-02
7.973321571007405684e-01 5.224944861716292882e-02
8.021095823892547827e-01 4.972667787504152920e-02
8.057364032303506729e-01 4.521563385585233852e-02
8.125194644984358172e-01 3.349276292385685444e-02
8.182883256739584832e-01 6.906197678383312055e-02
8.290770068603710019e-01 7.005701026800723041e-02
8.330625783455725131e-01 6.465236007646615879e-02
8.386570004340370144e-01 5.009997713915072953e-02
8.473456422035681168e-01 5.357102446662895950e-02
8.545950578744291315e-01 4.300938528736865385e-02
8.583696591589482505e-01 5.874021486621472388e-02
8.643685299865933036e-01 5.359081606597032588e-02
8.757601320502541586e-01 6.600116766785205091e-02
8.869360197521560796e-01 7.344670371938251396e-02
8.933926644106386927e-01 6.034493420569349287e-02
8.956195047294072120e-01 4.718918915535180031e-02
9.111547261260778408e-01 7.296463262684342588e-02
9.146955486089065612e-01 3.678969188241507093e-02
9.207001628972557583e-01 4.089228791939704399e-02
9.280354607805817446e-01 5.819580882066546085e-02
9.340687667488900559e-01 4.824894256808894000e-02
9.409227822510374262e-01 8.067139101024541070e-02
9.524437909769696287e-01 4.368903122742560929e-02
9.584644580150255555e-01 4.555855054883267696e-02
9.639581250053466110e-01 5.651481103096225173e-02
9.727771338297580561e-01 5.447930748796769862e-02
9.842201057285826504e-01 6.930068342334712306e-02
9.915557486915842489e-01 5.590175395022337762e-02
9.959365295960858067e-01 5.006233666223526557e-02
1.010522311413838192e+00 6.327548103719835004e-02
1.016295827592224921e+00 7.517372509118795676e-02
1.024301109075458571e+00 6.438245355461712227e-02
1.030116636895353377e+00 4.413910192603293092e-02
1.040781943663531495e+00 5.784831648682718652e-02
1.050091749626109294e+00 6.459118356433349306e-02
1.060215148661901141e+00 7.210655580605276893e-02
1.065384786792193061e+00 4.817844716248369935e-02
1.074970382131954283e+00 5.321662259324518723e-02
1.086072726940657596e+00 5.683277500557556289e-02
1.090495853379164881e+00 6.290173591992127833e-02
1.094452679316960886e+00 3.648054657898614633e-02
1.104886019514206286e+00 7.191498714977279105e-02
1.112411610721722566e+00 5.564007855106328782e-02
1.123382860332945210e+00 5.427161614806121775e-02
1.133943459718000035e+00 6.840518931140411596e-02
1.139459908062906424e+00 9.498859652582321289e-02
1.148986269591725673e+00 7.498796076182737136e-02
1.161263337353419356e+00 6.063550938800804646e-02
1.178472537067826620e+00 6.331388125144704615e-02
1.188530989060577081e+00 5.449407240648142942e-02
1.195844763610671935e+00 4.512055577919610316e-02
1.201740262643034685e+00 6.529632439988350412e-02
1.206614905567989782e+00 5.988966436591795783e-02
1.220823640293930978e+00 6.073430501862826791e-02
1.225238622020656809e+00 5.124374679207486377e-02
1.234110175256369679e+00 8.005403924611062538e-02
1.243839208515982175e+00 5.416991873515274170e-02
1.250414540341128422e+00 5.871105554367354179e-02
1.254940031977015646e+00 5.825412374340153271e-02
1.264621983494769619e+00 5.157654005135821340e-02
1.276712347165499528e+00 7.870086810041569680e-02
1.287104336506260216e+00 7.203491872255773920e-02
1.295946890845028454e+00 4.304443943944216006e-02
1.301897672663526517e+00 9.836729802830149194e-02
1.311278342412815379e+00 8.544283020801161921e-02
1.317844303875614020e+00 6.508855670518530478e-02
1.324729054328853239e+00 4.895515116334873962e-02
1.332653561527098907e+00 6.641612464834352469e-02
1.336499240835620217e+00 7.560356443898866297e-02
1.347867361400098662e+00 6.285756605952810827e-02
1.362319603409490210e+00 6.219554719748075083e-02
1.366801869668141212e+00 6.009565706402929253e-02
1.374047008942016479e+00 6.850950364913342694e-02
1.382241891851818893e+00 5.254339128464620423e-02
1.395586726859422866e+00 6.650149705116951970e-02
1.400563489140609352e+00 4.501347740675851195e-02
1.411087725081064947e+00 5.797580045531063042e-02
1.428975476710913295e+00 6.598193268527138833e-02
1.433685415173500122e+00 7.231466162983997414e-02
1.441855351339300650e+00 6.909131122990999629e-02
1.450989295240546983e+00 7.280833564186242612e-02
1.462122663850424775e+00 7.206771151580679269e-02
1.466876595555142604e+00 6.777727180974110754e-02
1.477255792827267822e+00 8.193342778755474676e-02
1.492399004590123202e+00 7.930554521315744121e-02
1.509813049766400850e+00 7.852762417717637500e-02
1.519420819607271822e+00 1.020526738875225103e-01
1.536610053937912168e+00 8.219932475580568609e-02
1.541818184774017331e+00 8.798677411028441031e-02
1.558508698395902670e+00 9.130248801431280203e-02
1.565763217792504047e+00 7.035470040182267848e-02
1.570379736108179713e+00 7.144829369508934325e-02
1.574250782151697337e+00 6.863488001677550687e-02
1.582759710477155135e+00 6.673391392223340657e-02
1.593553474684997306e+00 6.535252279055646374e-02
1.602542052325113486e+00 6.446563452763812152e-02
1.611722777344565261e+00 6.511849474217787370e-02
1.620485132651834359e+00 7.713698382432018774e-02
1.639556816704146103e+00 1.167712071353943087e-01
1.644375280156382235e+00 6.502852642135321937e-02
1.653290076737292891e+00 1.016395343026420539e-01
1.671760296945298041e+00 7.770022271910750900e-02
1.683235369093338818e+00 8.986457441169819205e-02
1.695126842761742081e+00 7.351759948861527616e-02
1.703026991973607851e+00 9.757977339107908044e-02
1.713864558427134366e+00 1.178168735623757735e-01
1.727253614022875583e+00 8.333793387316976164e-02
1.734642585882558263e+00 8.478154378052647766e-02
1.746639341338071416e+00 8.873478562703059069e-02
1.762918951029156744e+00 1.183531796956178439e-01
1.774231086402444646e+00 8.420371289746986232e-02
1.778856364906822751e+00 9.881489992792122368e-02
1.791741396039337131e+00 1.000990922523713189e-01
1.799918804839334197e+00 8.396123942291019993e-02
1.815858296490228341e+00 9.437870727656931524e-02
1.821366046318663390e+00 1.124140965893501709e-01
1.829541501070513831e+00 1.100795614998209826e-01
1.837533545328081885e+00 1.070744398758814997e-01
1.855038691462249645e+00 1.264211942884513051e-01
1.871095798134904342e+00 8.679471621447323870e-02
1.885590501692541165e+00 8.871414237836641736e-02
1.902255343325092385e+00 9.561903312159458768e-02
1.911526417759072505e+00 1.438577035004346416e-01
1.922394301544530837e+00 9.925632141336447611e-02
1.933806844521429369e+00 7.188502700047755267e-02
1.942599952682579012e+00 8.661644220846770326e-02
1.949447570140388164e+00 9.221215912442484730e-02
1.958973985996463441e+00 8.172387689817699197e-02
1.972995122532925860e+00 8.476857840305067338e-02
1.985589204363062965e+00 9.147686539468670441e-02
1.996185665970706236e+00 8.998823476619018102e-02
2.006271813380929636e+00 1.125965937393672844e-01
2.033529097853838508e+00 6.922571966858752368e-02
2.049694543495477639e+00 8.107399433087954244e-02
2.073841628527385517e+00 1.137111252151832563e-01
2.092385653329740247e+00 9.842249348849604895e-02
2.103434820670710081e+00 1.274653195800024841e-01
2.124410569826757467e+00 1.515026075153888541e-01
2.138279362903021230e+00 8.264213296478509219e-02
2.151829957832084084e+00 8.333692565201679392e-02
2.167442074151459508e+00 1.835120906885069347e-01
2.193660219325254790e+00 1.828169071930746958e-01
2.233287908204005578e+00 1.620385855189203084e-01
2.257311686683373342e+00 1.877559179274096157e-01
2.273783079023357523e+00 1.701964997534409219e-01
2.296861417873231836e+00 1.130275378134249359e-01
2.337768372296124220e+00 2.004077327100416694e-01
2.360776848336682665e+00 1.493926909538350611e-01
2.403655184405657952e+00 1.810443891746447986e-01
2.443258385052152981e+00 2.201858181724333785e-01
2.466420092057904245e+00 2.550414056492192327e-01
2.571053062204046391e+00 1.878401362437511213e-01
2.796722228107794805e+00 2.703847643619062824e-01
# 
# In this footer, we provide a description on the contents of the
# columns in the file. 
# 
# 0) Energies averaged across different disorder realizations
#    (i-th) eigenlevel averaged across i-th eigenlevels of all
#    realizations.
# 
# 1) Eigenstate IPR values averaged over different disorder realizations
#    in the same manner as energies.
# 
# 
# 
# 
